date,location,new_cases,new_deaths,total_cases,total_deaths,weekly_cases,weekly_deaths,biweekly_cases,biweekly_deaths
7/1/2020,Africa,13227,259,418128,10405,82349,1550,150599,3187
7/2/2020,Africa,14193,238,432321,10643,84592,1574,156538,3224
7/3/2020,Africa,15159,239,447480,10882,88174,1600,161871,3200
7/4/2020,Africa,15507,201,462987,11083,91397,1599,166048,3165
7/5/2020,Africa,13640,280,476627,11363,94390,1700,170246,3248
7/6/2020,Africa,13717,249,490344,11612,97059,1733,174974,3274
7/7/2020,Africa,17474,365,507818,11977,102917,1831,183397,3357
7/8/2020,Africa,14726,255,522544,12232,104416,1827,186765,3377
7/9/2020,Africa,19212,226,541756,12458,109435,1815,194027,3389
7/10/2020,Africa,17680,310,559436,12768,111956,1886,200130,3486
7/11/2020,Africa,18815,220,578251,12988,115264,1905,206661,3504
7/12/2020,Africa,16694,257,594945,13245,118318,1882,212708,3582
7/13/2020,Africa,16071,218,611016,13463,120672,1851,217731,3584
7/14/2020,Africa,14435,299,625451,13762,117633,1785,220550,3616
7/15/2020,Africa,18051,226,643502,13988,120958,1756,225374,3583
7/16/2020,Africa,20441,370,663943,14358,122187,1900,231622,3715
7/17/2020,Africa,19540,315,683483,14673,124047,1905,236003,3791
7/18/2020,Africa,19015,282,702498,14955,124247,1967,239511,3872
7/19/2020,Africa,18554,214,721052,15169,126107,1924,244425,3806
7/20/2020,Africa,15525,254,736577,15423,125561,1960,246233,3811
7/21/2020,Africa,13864,314,750441,15737,124990,1975,242623,3760
7/22/2020,Africa,19614,708,770055,16445,126553,2457,247511,4213
7/23/2020,Africa,18467,269,788522,16714,124579,2356,246766,4256
7/24/2020,Africa,22111,390,810633,17104,127150,2431,251197,4336
7/25/2020,Africa,18151,417,828784,17521,126286,2566,250533,4533
7/26/2020,Africa,18315,245,847099,17766,126047,2597,252154,4521
7/27/2020,Africa,13428,409,860527,18175,123950,2752,249511,4712
7/28/2020,Africa,13499,322,874026,18497,123585,2760,248575,4735
7/29/2020,Africa,17642,367,891668,18864,121613,2419,248166,4876
7/30/2020,Africa,17407,454,909075,19318,120553,2604,245132,4960
7/31/2020,Africa,19005,364,928080,19682,117447,2578,244597,5009
8/1/2020,Africa,16920,292,945000,19974,116216,2453,242502,5019
8/2/2020,Africa,12749,332,957749,20306,110650,2540,236697,5137
8/3/2020,Africa,10853,321,968602,20627,108075,2452,232025,5204
8/4/2020,Africa,9915,472,978517,21099,104491,2602,228076,5362
8/5/2020,Africa,15374,539,993891,21638,102223,2774,223836,5193
8/6/2020,Africa,14328,431,1008219,22069,99144,2751,219697,5355
8/7/2020,Africa,13492,439,1021711,22508,93631,2826,211078,5404
8/8/2020,Africa,14208,413,1035919,22921,90919,2947,207135,5400
8/9/2020,Africa,12356,358,1048275,23279,90526,2973,201176,5513
8/10/2020,Africa,9132,319,1057407,23598,88805,2971,196880,5423
8/11/2020,Africa,7883,269,1065290,23867,86773,2768,191264,5370
8/12/2020,Africa,9258,410,1074548,24277,80657,2639,182880,5413
8/13/2020,Africa,10393,405,1084941,24682,76722,2613,175866,5364
8/14/2020,Africa,12545,416,1097486,25098,75775,2590,169406,5416
8/15/2020,Africa,11815,240,1109301,25338,73382,2417,164301,5364
8/16/2020,Africa,9953,295,1119254,25633,70979,2354,161505,5327
8/17/2020,Africa,8872,264,1128126,25897,70719,2299,159524,5270
8/18/2020,Africa,8637,415,1136763,26312,71473,2445,158246,5213
8/19/2020,Africa,10895,328,1147658,26640,73110,2363,153767,5002
8/20/2020,Africa,10609,337,1158267,26977,73326,2295,150048,4908
8/21/2020,Africa,10272,352,1168539,27329,71053,2231,146828,4821
8/22/2020,Africa,10433,274,1178972,27603,69671,2265,143053,4682
8/23/2020,Africa,9053,182,1188025,27785,68771,2152,139750,4506
8/24/2020,Africa,7516,220,1195541,28005,67415,2108,138134,4407
8/25/2020,Africa,7543,283,1203084,28288,66321,1976,137794,4421
8/26/2020,Africa,8855,319,1211939,28607,64281,1967,137391,4330
8/27/2020,Africa,8555,253,1220494,28860,62227,1883,135553,4178
8/28/2020,Africa,8109,231,1228603,29091,60064,1762,131117,3993
8/29/2020,Africa,8370,331,1236973,29422,58001,1819,127672,4084
8/30/2020,Africa,8457,164,1245430,29586,57405,1801,126176,3953
8/31/2020,Africa,6805,226,1252235,29812,56694,1807,124109,3915
9/1/2020,Africa,7157,242,1259392,30054,56308,1766,122629,3742
9/2/2020,Africa,8714,265,1268106,30319,56167,1712,120448,3679
9/3/2020,Africa,7747,297,1275853,30616,55359,1756,117586,3639
9/4/2020,Africa,8578,238,1284431,30854,55828,1763,115892,3525
9/5/2020,Africa,7392,225,1291823,31079,54850,1657,112851,3476
9/6/2020,Africa,7823,224,1299646,31303,54216,1717,111621,3518
9/7/2020,Africa,6876,218,1306522,31521,54287,1709,110981,3516
9/8/2020,Africa,7679,226,1314201,31747,54809,1693,111117,3459
9/9/2020,Africa,8295,192,1322496,31939,54390,1620,110557,3332
9/10/2020,Africa,8050,185,1330546,32124,54693,1508,110052,3264
9/11/2020,Africa,8692,231,1339238,32355,54807,1501,110635,3264
9/12/2020,Africa,7410,146,1346648,32501,54825,1422,109675,3079
9/13/2020,Africa,6748,121,1353396,32622,53750,1319,107966,3036
9/14/2020,Africa,6483,171,1359879,32793,53357,1272,107644,2981
9/15/2020,Africa,6566,277,1366445,33070,52244,1323,107053,3016
9/16/2020,Africa,7310,179,1373755,33249,51259,1310,105649,2930
9/17/2020,Africa,8605,179,1382360,33428,51814,1304,106507,2812
9/18/2020,Africa,8161,193,1390521,33621,51283,1266,106090,2767
9/19/2020,Africa,8727,202,1399248,33823,52600,1322,107425,2744
9/20/2020,Africa,8419,133,1407667,33956,54271,1334,108021,2653
9/21/2020,Africa,6148,126,1413815,34082,53936,1289,107293,2561
9/22/2020,Africa,6839,240,1420654,34322,54209,1252,106453,2575
9/23/2020,Africa,8727,209,1429381,34531,55626,1282,106885,2592
9/24/2020,Africa,8186,175,1437567,34706,55207,1278,107021,2582
9/25/2020,Africa,7977,154,1445544,34860,55023,1239,106306,2505
9/26/2020,Africa,6410,168,1451954,35028,52706,1205,105306,2527
9/27/2020,Africa,8369,135,1460323,35163,52656,1207,106927,2541
9/28/2020,Africa,5669,294,1465992,35457,52177,1375,106113,2664
9/29/2020,Africa,7509,217,1473501,35674,52847,1352,107056,2604
9/30/2020,Africa,8434,189,1481935,35863,52554,1332,108180,2614
10/1/2020,Africa,7260,217,1489195,36080,51628,1374,106835,2652
10/2/2020,Africa,8857,149,1498052,36229,52508,1369,107531,2608
10/3/2020,Africa,8830,111,1506882,36340,54928,1312,107634,2517
10/4/2020,Africa,8086,170,1514968,36510,54645,1347,107301,2554
10/5/2020,Africa,4714,128,1519682,36638,53690,1181,105867,2556
10/6/2020,Africa,6597,188,1526279,36826,52778,1152,105625,2504
10/7/2020,Africa,10543,269,1536822,37095,54887,1232,107441,2564
10/8/2020,Africa,10908,298,1547730,37393,58535,1313,110163,2687
10/9/2020,Africa,8557,236,1556287,37629,58235,1400,110743,2769
10/10/2020,Africa,13534,271,1569821,37900,62939,1560,117867,2872
10/11/2020,Africa,8975,208,1578796,38108,63828,1598,118473,2945
10/12/2020,Africa,5887,193,1584683,38301,65001,1663,118691,2844
10/13/2020,Africa,7834,271,1592517,38572,66238,1746,119016,2898
10/14/2020,Africa,11508,263,1604025,38835,67203,1740,122090,2972
10/15/2020,Africa,9116,254,1613141,39089,65411,1696,123946,3009
10/16/2020,Africa,10686,207,1623827,39296,67540,1667,125775,3067
10/17/2020,Africa,14262,265,1638089,39561,68268,1661,131207,3221
10/18/2020,Africa,8193,185,1646282,39746,67486,1638,131314,3236
10/19/2020,Africa,9688,184,1655970,39930,71287,1629,136288,3292
10/20/2020,Africa,9776,298,1665746,40228,73229,1656,139467,3402
10/21/2020,Africa,10478,252,1676224,40480,72199,1645,139402,3385
10/22/2020,Africa,10970,216,1687194,40696,74053,1607,139464,3303
10/23/2020,Africa,10435,224,1697629,40920,73802,1624,141342,3291
10/24/2020,Africa,11739,223,1709368,41143,71279,1582,139547,3243
10/25/2020,Africa,9094,116,1718462,41259,72180,1513,139666,3151
10/26/2020,Africa,10718,348,1729180,41607,73210,1677,144497,3306
10/27/2020,Africa,8650,182,1737830,41789,72084,1561,145313,3217
10/28/2020,Africa,11900,346,1749730,42135,73506,1655,145705,3300
10/29/2020,Africa,11071,202,1760801,42337,73607,1641,147660,3248
10/30/2020,Africa,13599,292,1774400,42629,76771,1709,150573,3333
10/31/2020,Africa,11074,224,1785474,42853,76106,1710,147385,3292
11/1/2020,Africa,10296,322,1795770,43175,77308,1916,149488,3429
11/2/2020,Africa,7586,214,1803356,43389,74176,1782,147386,3459
11/3/2020,Africa,10874,316,1814230,43705,76400,1916,148484,3477
11/4/2020,Africa,14002,235,1828232,43940,78502,1805,152008,3460
11/5/2020,Africa,15393,304,1843625,44244,82824,1907,156431,3548
11/6/2020,Africa,11720,223,1855345,44467,80945,1838,157716,3547
11/7/2020,Africa,15017,378,1870362,44845,84888,1992,160994,3702
11/8/2020,Africa,12498,515,1882860,45360,87090,2185,164398,4101
11/9/2020,Africa,8889,249,1891749,45609,88393,2220,162569,4002
11/10/2020,Africa,13173,341,1904922,45950,90692,2245,167092,4161
11/11/2020,Africa,14000,332,1918922,46282,90690,2342,169192,4147
11/12/2020,Africa,15781,269,1934703,46551,91078,2307,173902,4214
11/13/2020,Africa,14678,280,1949381,46831,94036,2364,174981,4202
11/14/2020,Africa,14071,235,1963452,47066,93090,2221,177978,4213
11/15/2020,Africa,12570,296,1976022,47362,93162,2002,180252,4187
11/16/2020,Africa,10304,279,1986326,47641,94577,2032,182970,4252
11/17/2020,Africa,12868,393,1999194,48034,94272,2084,184964,4329
11/18/2020,Africa,15301,392,2014495,48426,95573,2144,186263,4486
11/19/2020,Africa,13934,276,2028429,48702,93726,2151,184804,4458
11/20/2020,Africa,15733,412,2044162,49114,94781,2283,188817,4647
11/21/2020,Africa,13356,314,2057518,49428,94066,2362,187156,4583
11/22/2020,Africa,12779,290,2070297,49718,94275,2356,187437,4358
11/23/2020,Africa,10077,269,2080374,49987,94048,2346,188625,4378
11/24/2020,Africa,12503,344,2092877,50331,93683,2297,187955,4381
11/25/2020,Africa,14667,316,2107544,50647,93049,2221,188622,4365
11/26/2020,Africa,13923,297,2121467,50944,93038,2242,186764,4393
11/27/2020,Africa,16039,320,2137506,51264,93344,2150,188125,4433
11/28/2020,Africa,13396,235,2150902,51499,93384,2071,187450,4433
11/29/2020,Africa,13071,224,2163973,51723,93676,2005,187951,4361
11/30/2020,Africa,10350,269,2174323,51992,93949,2005,187997,4351
12/1/2020,Africa,10838,258,2185161,52250,92284,1919,185967,4216
12/2/2020,Africa,16413,330,2201574,52580,94030,1933,187079,4154
12/3/2020,Africa,15701,267,2217275,52847,95808,1903,188846,4145
12/4/2020,Africa,17982,430,2235257,53277,97751,2013,191095,4163
12/5/2020,Africa,14702,287,2249959,53564,99057,2065,192441,4136
12/6/2020,Africa,13463,306,2263422,53870,99449,2147,193125,4152
12/7/2020,Africa,10628,248,2274050,54118,99727,2126,193676,4131
12/8/2020,Africa,13258,402,2287308,54520,102147,2270,194431,4189
12/9/2020,Africa,19396,350,2306704,54870,105130,2290,199160,4223
12/10/2020,Africa,19134,394,2325838,55264,108563,2417,204371,4320
12/11/2020,Africa,19081,398,2344919,55662,109662,2385,207413,4398
12/12/2020,Africa,18133,326,2363052,55988,113093,2424,212150,4489
12/13/2020,Africa,16222,346,2379274,56334,115852,2464,215301,4611
12/14/2020,Africa,11318,311,2390592,56645,116542,2527,216269,4653
12/15/2020,Africa,18002,427,2408594,57072,121286,2552,223433,4822
12/16/2020,Africa,21225,346,2429819,57418,123115,2548,228245,4838
12/17/2020,Africa,20508,396,2450327,57814,124489,2550,233052,4967
12/18/2020,Africa,19320,496,2469647,58310,124728,2648,234390,5033
12/19/2020,Africa,21260,449,2490907,58759,127855,2771,240948,5195
12/20/2020,Africa,18426,340,2509333,59099,130059,2765,245911,5229
12/21/2020,Africa,16781,429,2526114,59528,135522,2883,252064,5410
12/22/2020,Africa,19986,529,2546100,60057,137506,2985,258792,5537
12/23/2020,Africa,25729,820,2571829,60877,142010,3459,265125,6007
12/24/2020,Africa,27044,554,2598873,61431,148546,3617,273035,6167
12/25/2020,Africa,25785,524,2624658,61955,155011,3645,279739,6293
12/26/2020,Africa,21381,419,2646039,62374,155132,3615,282987,6386
12/27/2020,Africa,18675,432,2664714,62806,155381,3707,285440,6472
12/28/2020,Africa,15211,545,2679925,63351,153811,3823,289333,6706
12/29/2020,Africa,20128,717,2700053,64068,153953,4011,291459,6996
12/30/2020,Africa,30617,701,2730670,64769,158841,3892,300851,7351
12/31/2020,Africa,29789,699,2760459,65468,161586,4037,310132,7654
7/1/2020,Asia,66783,1016,2371987,57999,341748,6891,634191,13353
7/2/2020,Asia,50578,958,2422565,58957,348060,6894,643661,13409
7/3/2020,Asia,50678,925,2473243,59882,352380,6882,651479,13384
7/4/2020,Asia,53774,1160,2527017,61042,359894,7094,663343,13664
7/5/2020,Asia,56132,1158,2583149,62200,369056,7377,679724,13867
7/6/2020,Asia,50182,1162,2633331,63362,374780,7504,689358,14228
7/7/2020,Asia,50107,1159,2683438,64521,378234,7538,697090,14428
7/8/2020,Asia,53878,1048,2737316,65569,365329,7570,707077,14461
7/9/2020,Asia,57878,1124,2795194,66693,372629,7736,720689,14630
7/10/2020,Asia,56150,1081,2851344,67774,378101,7892,730481,14774
7/11/2020,Asia,55405,1140,2906749,68914,379732,7872,739626,14966
7/12/2020,Asia,54832,1445,2961581,70359,378432,8159,747488,15536
7/13/2020,Asia,56541,1179,3018122,71538,384791,8176,759571,15680
7/14/2020,Asia,54884,1159,3073006,72697,389568,8176,767802,15714
7/15/2020,Asia,60814,1226,3133820,73923,396504,8354,761833,15924
7/16/2020,Asia,60561,1280,3194381,75203,399187,8510,771816,16246
7/17/2020,Asia,64087,1351,3258468,76554,407124,8780,785225,16672
7/18/2020,Asia,74284,1919,3332752,78473,426003,9559,805735,17431
7/19/2020,Asia,68454,1495,3401206,79968,439625,9609,818057,17768
7/20/2020,Asia,61351,1403,3462557,81371,444435,9833,829226,18009
7/21/2020,Asia,65575,1291,3528132,82662,455126,9965,844694,18141
7/22/2020,Asia,71615,1826,3599747,84488,465927,10565,862431,18919
7/23/2020,Asia,79839,1527,3679586,86015,485205,10812,884392,19322
7/24/2020,Asia,75031,1339,3754617,87354,496149,10800,903273,19580
7/25/2020,Asia,74341,1279,3828958,88633,496206,10160,922209,19719
7/26/2020,Asia,72869,1316,3901827,89949,500621,9981,940246,19590
7/27/2020,Asia,69237,1207,3971064,91156,508507,9785,952942,19618
7/28/2020,Asia,77967,1554,4049031,92710,520899,10048,976025,20013
7/29/2020,Asia,77915,1293,4126946,94003,527199,9515,993126,20080
7/30/2020,Asia,81360,1371,4208306,95374,528720,9359,1013925,20171
7/31/2020,Asia,88212,1352,4296518,96726,541901,9372,1038050,20172
8/1/2020,Asia,77438,1348,4373956,98074,544998,9441,1041204,19601
8/2/2020,Asia,81734,1293,4455690,99367,553863,9418,1054484,19399
8/3/2020,Asia,75236,1658,4530926,101025,559862,9869,1068369,19654
8/4/2020,Asia,79322,1416,4610248,102441,561217,9731,1082116,19779
8/5/2020,Asia,85754,1474,4696002,103915,569056,9912,1096255,19427
8/6/2020,Asia,90743,1394,4786745,105309,578439,9935,1107159,19294
8/7/2020,Asia,90732,1431,4877477,106740,580959,10014,1122860,19386
8/8/2020,Asia,90993,1349,4968470,108089,594514,10015,1139512,19456
8/9/2020,Asia,86601,1548,5055071,109637,599381,10270,1153244,19688
8/10/2020,Asia,81419,1703,5136490,111340,605564,10315,1165426,20184
8/11/2020,Asia,85712,1358,5222202,112698,611954,10257,1173171,19988
8/12/2020,Asia,95418,1557,5317620,114255,621618,10340,1190674,20252
8/13/2020,Asia,92508,1505,5410128,115760,623383,10451,1201822,20386
8/14/2020,Asia,94813,1473,5504941,117233,627464,10493,1208423,20507
8/15/2020,Asia,91339,1597,5596280,118830,627810,10741,1222324,20756
8/16/2020,Asia,83767,1492,5680047,120322,624976,10685,1224357,20955
8/17/2020,Asia,77920,1365,5757967,121687,621477,10347,1227041,20662
8/18/2020,Asia,93075,1775,5851042,123462,628840,10764,1240794,21021
8/19/2020,Asia,98425,1584,5949467,125046,631847,10791,1253465,21131
8/20/2020,Asia,96920,1549,6046387,126595,636259,10835,1259642,21286
8/21/2020,Asia,97176,1009,6143563,127604,638622,10371,1266086,20864
8/22/2020,Asia,95111,1417,6238674,129021,642394,10191,1270204,20932
8/23/2020,Asia,84047,1337,6322721,130358,642674,10036,1267650,20721
8/24/2020,Asia,86293,1478,6409014,131836,651047,10149,1272524,20496
8/25/2020,Asia,82066,1499,6491080,133335,640038,9873,1268878,20637
8/26/2020,Asia,112975,1682,6604055,135017,654588,9971,1286435,20762
8/27/2020,Asia,103592,1642,6707647,136659,661260,10064,1297519,20899
8/28/2020,Asia,103903,1594,6811550,138253,667987,10649,1306609,21020
8/29/2020,Asia,104677,1489,6916227,139742,677553,10721,1319947,20912
8/30/2020,Asia,103448,1549,7019675,141291,696954,10933,1339628,20969
8/31/2020,Asia,94202,1316,7113877,142607,704863,10771,1355910,20920
9/1/2020,Asia,103828,1591,7217705,144198,726625,10863,1366663,20736
9/2/2020,Asia,110448,1666,7328153,145864,724098,10847,1378686,20818
9/3/2020,Asia,111534,1691,7439687,147555,732040,10896,1393300,20960
9/4/2020,Asia,115310,1625,7554997,149180,743447,10927,1411434,21576
9/5/2020,Asia,115186,1591,7670183,150771,753956,11029,1431509,21750
9/6/2020,Asia,117005,1630,7787188,152401,767513,11110,1464467,22043
9/7/2020,Asia,101108,1663,7888296,154064,774419,11457,1479282,22228
9/8/2020,Asia,118467,1671,8006763,155735,789058,11537,1515683,22400
9/9/2020,Asia,125634,1811,8132397,157546,804244,11682,1528342,22529
9/10/2020,Asia,127900,1829,8260297,159375,820610,11820,1552650,22716
9/11/2020,Asia,129060,1710,8389357,161085,834360,11905,1577807,22832
9/12/2020,Asia,124316,1780,8513673,162865,843490,12094,1597446,23123
9/13/2020,Asia,120881,1711,8634554,164576,847366,12175,1614879,23285
9/14/2020,Asia,115833,1902,8750387,166478,862091,12414,1636510,23871
9/15/2020,Asia,122377,1898,8872764,168376,866001,12641,1655059,24178
9/16/2020,Asia,131132,1880,9003896,170256,871499,12710,1675743,24392
9/17/2020,Asia,129591,1841,9133487,172097,873190,12722,1693800,24542
9/18/2020,Asia,126625,1853,9260112,173950,870755,12865,1705115,24770
9/19/2020,Asia,123815,1805,9383927,175755,870254,12890,1713744,24984
9/20/2020,Asia,117422,1777,9501349,177532,866795,12956,1714161,25131
9/21/2020,Asia,105947,1692,9607296,179224,856909,12746,1719000,25160
9/22/2020,Asia,117694,1754,9724990,180978,852226,12602,1718227,25243
9/23/2020,Asia,123848,1851,9848838,182829,844942,12573,1716441,25283
9/24/2020,Asia,123626,1783,9972464,184612,838977,12515,1712167,25237
9/25/2020,Asia,122511,1770,10094975,186382,834863,12432,1705618,25297
9/26/2020,Asia,121956,1787,10216931,188169,833004,12414,1703258,25304
9/27/2020,Asia,113383,1705,10330314,189874,828965,12342,1695760,25298
9/28/2020,Asia,98518,1424,10428832,191298,821536,12074,1678445,24820
9/29/2020,Asia,114131,1922,10542963,193220,817973,12242,1670199,24844
9/30/2020,Asia,125691,1897,10668654,195117,819816,12288,1664758,24861
10/1/2020,Asia,119470,1777,10788124,196894,815660,12282,1654637,24797
10/2/2020,Asia,117003,1757,10905127,198651,810152,12269,1645015,24701
10/3/2020,Asia,107538,1554,11012665,200205,795734,12036,1628738,24450
10/4/2020,Asia,108147,1639,11120812,201844,790498,11970,1619463,24312
10/5/2020,Asia,97336,1618,11218148,203462,789316,12164,1610852,24238
10/6/2020,Asia,108624,1711,11326772,205173,783809,11953,1601782,24195
10/7/2020,Asia,116789,1740,11443561,206913,774907,11796,1594723,24084
10/8/2020,Asia,108861,1795,11552422,208708,764298,11814,1579958,24096
10/9/2020,Asia,107154,1653,11659576,210361,754449,11710,1564601,23979
10/10/2020,Asia,108095,1615,11767671,211976,755006,11771,1550740,23807
10/11/2020,Asia,98877,1612,11866548,213588,745736,11744,1536234,23714
10/12/2020,Asia,90422,1406,11956970,214994,738822,11532,1528138,23696
10/13/2020,Asia,99781,1472,12056751,216466,729979,11293,1513788,23246
10/14/2020,Asia,104784,1547,12161535,218013,717974,11100,1492881,22896
10/15/2020,Asia,101840,1662,12263375,219675,710953,10967,1475251,22781
10/16/2020,Asia,100670,1592,12364045,221267,704469,10906,1458918,22616
10/17/2020,Asia,96536,1797,12460581,223064,692910,11088,1447916,22859
10/18/2020,Asia,91337,1337,12551918,224401,685370,10813,1431106,22557
10/19/2020,Asia,82337,1444,12634255,225845,677285,10851,1416107,22383
10/20/2020,Asia,90794,1526,12725049,227371,668298,10905,1398277,22198
10/21/2020,Asia,98445,1608,12823494,228979,661959,10966,1379933,22066
10/22/2020,Asia,97135,1532,12920629,230511,657254,10836,1368207,21803
10/23/2020,Asia,97524,1589,13018153,232100,654108,10833,1358577,21739
10/24/2020,Asia,88718,1398,13106871,233498,646290,10434,1339200,21522
10/25/2020,Asia,85125,1296,13191996,234794,640078,10393,1325448,21206
10/26/2020,Asia,72645,1385,13264641,236179,630386,10334,1307671,21185
10/27/2020,Asia,84773,1380,13349414,237559,624365,10188,1292663,21093
10/28/2020,Asia,93174,1492,13442588,239051,619094,10072,1281053,21038
10/29/2020,Asia,93203,1475,13535791,240526,615162,10015,1272416,20851
10/30/2020,Asia,92002,1397,13627793,241923,609640,9823,1263748,20656
10/31/2020,Asia,86834,1405,13714627,243328,607756,9830,1254046,20264
11/1/2020,Asia,87501,1433,13802128,244761,610132,9967,1250210,20360
11/2/2020,Asia,83162,1472,13885290,246233,620649,10054,1251035,20388
11/3/2020,Asia,92990,1570,13978280,247803,628866,10244,1253231,20432
11/4/2020,Asia,97230,1746,14075510,249549,632922,10498,1252016,20570
11/5/2020,Asia,96532,1620,14172042,251169,636251,10643,1251413,20658
11/6/2020,Asia,101563,1588,14273605,252757,645812,10834,1255452,20657
11/7/2020,Asia,93734,1477,14367339,254234,652712,10906,1260468,20736
11/8/2020,Asia,94807,1491,14462146,255725,660018,10964,1270150,20931
11/9/2020,Asia,85597,1536,14547743,257261,662453,11028,1283102,21082
11/10/2020,Asia,95465,1539,14643208,258800,664928,10997,1293794,21241
11/11/2020,Asia,100897,1619,14744105,260419,668595,10870,1301517,21368
11/12/2020,Asia,99160,1641,14843265,262060,671223,10891,1307474,21534
11/13/2020,Asia,99475,1586,14942740,263646,669135,10889,1314947,21723
11/14/2020,Asia,94073,1512,15036813,265158,669474,10924,1322186,21830
11/15/2020,Asia,81910,1463,15118723,266621,656577,10896,1316595,21860
11/16/2020,Asia,80715,1498,15199438,268119,651695,10858,1314148,21886
11/17/2020,Asia,94303,1591,15293741,269710,650533,10910,1315461,21907
11/18/2020,Asia,106789,1812,15400530,271522,656425,11103,1325020,21973
11/19/2020,Asia,106999,2024,15507529,273546,664264,11486,1335487,22377
11/20/2020,Asia,108445,1693,15615974,275239,673234,11593,1342369,22482
11/21/2020,Asia,103617,1621,15719591,276860,682778,11702,1352252,22626
11/22/2020,Asia,104998,1700,15824589,278560,705866,11939,1362443,22835
11/23/2020,Asia,96857,1654,15921446,280214,722008,12095,1373703,22953
11/24/2020,Asia,107278,1708,16028724,281922,734983,12212,1385516,23122
11/25/2020,Asia,109645,1815,16138369,283737,737839,12215,1394264,23318
11/26/2020,Asia,138441,1768,16276810,285505,769281,11959,1433545,23445
11/27/2020,Asia,146056,1658,16422866,287163,806892,11924,1480126,23517
11/28/2020,Asia,127578,1678,16550444,288841,830853,11981,1513631,23683
11/29/2020,Asia,125422,1682,16675866,290523,851277,11963,1557143,23902
11/30/2020,Asia,115422,1638,16791288,292161,869842,11947,1591850,24042
12/1/2020,Asia,122821,1737,16914109,293898,885385,11976,1620368,24188
12/2/2020,Asia,127191,1654,17041300,295552,902931,11815,1640770,24030
12/3/2020,Asia,131192,1711,17172492,297263,895682,11758,1664963,23717
12/4/2020,Asia,126252,1667,17298744,298930,875878,11767,1682770,23691
12/5/2020,Asia,123449,1551,17422193,300481,871749,11640,1702602,23621
12/6/2020,Asia,119639,1469,17541832,301950,865966,11427,1717243,23390
12/7/2020,Asia,108370,1520,17650202,303470,858914,11309,1728756,23256
12/8/2020,Asia,118382,1649,17768584,305119,854475,11221,1739860,23197
12/9/2020,Asia,118215,1551,17886799,306670,845499,11118,1748430,22933
12/10/2020,Asia,90854,1550,18795343,308220,831692,10957,1727374,22715
12/11/2020,Asia,114464,1525,18909807,309745,819904,10815,1695782,22582
12/12/2020,Asia,109920,1446,19019727,311191,806375,10710,1678124,22350
12/13/2020,Asia,99457,1354,19119184,312545,786193,10595,1652159,22022
12/14/2020,Asia,94301,1464,19213485,314009,772124,10539,1631038,21848
12/15/2020,Asia,107535,1629,19321020,315638,761277,10519,1615752,21740
12/16/2020,Asia,106635,1445,19427655,317083,749697,10413,1595196,21531
12/17/2020,Asia,101869,1416,19529524,318499,734181,10279,1565873,21236
12/18/2020,Asia,100404,1371,19629928,319870,720121,10125,1540025,20940
12/19/2020,Asia,96067,1396,19725995,321266,706268,10075,1512643,20785
12/20/2020,Asia,87308,1454,19813303,322720,694119,10175,1480312,20770
12/21/2020,Asia,79508,1445,19892811,324165,679326,10156,1451450,20695
12/22/2020,Asia,89485,1494,19982296,325659,661276,10021,1422553,20540
12/23/2020,Asia,90092,1423,20072388,327082,644733,9999,1394430,20412
12/24/2020,Asia,88670,1350,20161058,328432,631534,9933,1365715,20212
12/25/2020,Asia,85980,1314,20247038,329746,617110,9876,1337231,20001
12/26/2020,Asia,75795,1221,20322833,330967,596838,9701,1303106,19776
12/27/2020,Asia,71622,1329,20394455,332296,581152,9576,1275271,19751
12/28/2020,Asia,70021,1305,20464476,333601,571665,9436,1250991,19592
12/29/2020,Asia,81741,1439,20546217,335040,563921,9381,1225197,19402
12/30/2020,Asia,83545,1400,20629762,336440,557374,9358,1202107,19357
12/31/2020,Asia,65275,972,20695037,337412,533979,8980,1165513,18913
7/1/2020,Europe,13190,495,2422427,188734,94988,2667,199475,6608
7/2/2020,Europe,13533,407,2435960,189141,93743,2702,196003,6504
7/3/2020,Europe,13950,425,2449910,189566,92068,2623,194137,5318
7/4/2020,Europe,12821,330,2462731,189896,90988,2629,192342,5243
7/5/2020,Europe,11793,253,2474524,190149,91039,2630,190840,5270
7/6/2020,Europe,13613,282,2488137,190431,91702,2648,190904,5320
7/7/2020,Europe,11979,469,2500116,190900,90879,2661,187809,5226
7/8/2020,Europe,14144,437,2514260,191337,91833,2603,186821,5270
7/9/2020,Europe,13622,387,2527882,191724,91922,2583,185665,5285
7/10/2020,Europe,14566,388,2542448,192112,92538,2546,184606,5169
7/11/2020,Europe,13741,340,2556189,192452,93458,2556,184446,5185
7/12/2020,Europe,11770,221,2567959,192673,93435,2524,184474,5154
7/13/2020,Europe,14531,242,2582490,192915,94353,2484,186055,5132
7/14/2020,Europe,12813,377,2595303,193292,95187,2392,186066,5053
7/15/2020,Europe,14433,418,2609736,193710,95476,2373,187309,4976
7/16/2020,Europe,15289,373,2625025,194083,97143,2359,189065,4942
7/17/2020,Europe,16202,370,2641227,194453,98779,2341,191317,4887
7/18/2020,Europe,13364,247,2654591,194700,98402,2248,191860,4804
7/19/2020,Europe,11756,187,2666347,194887,98388,2214,191823,4738
7/20/2020,Europe,18002,231,2684349,195118,101859,2203,196212,4687
7/21/2020,Europe,14377,341,2698726,195459,103423,2167,198610,4559
7/22/2020,Europe,15955,349,2714681,195808,104945,2098,200421,4471
7/23/2020,Europe,17553,325,2732234,196133,107209,2050,204352,4409
7/24/2020,Europe,17611,359,2749845,196492,108618,2039,207397,4380
7/25/2020,Europe,13706,263,2763551,196755,108960,2055,207362,4303
7/26/2020,Europe,13048,197,2776599,196952,110252,2065,208640,4279
7/27/2020,Europe,21619,210,2798218,197162,113869,2044,215728,4247
7/28/2020,Europe,15309,328,2813527,197490,114801,2031,218224,4198
7/29/2020,Europe,18376,401,2831903,197891,117222,2083,222167,4181
7/30/2020,Europe,19834,324,2851737,198215,119503,2082,226712,4132
7/31/2020,Europe,19769,363,2871506,198578,121661,2086,230279,4125
8/1/2020,Europe,14374,235,2885880,198813,122329,2058,231289,4113
8/2/2020,Europe,12893,203,2898773,199016,122174,2064,232426,4129
8/3/2020,Europe,24974,263,2923747,199279,125529,2117,239398,4161
8/4/2020,Europe,20538,360,2944285,199639,130758,2149,245559,4180
8/5/2020,Europe,20348,381,2964633,200020,132730,2129,249952,4212
8/6/2020,Europe,21947,327,2986580,200347,134843,2132,254346,4214
8/7/2020,Europe,23706,314,3010286,200661,138780,2083,260441,4169
8/8/2020,Europe,15131,292,3025417,200953,139537,2140,261866,4198
8/9/2020,Europe,13794,203,3039211,201156,140438,2140,262612,4204
8/10/2020,Europe,27638,336,3066849,201492,143102,2213,268631,4330
8/11/2020,Europe,19712,332,3086561,201824,142276,2185,273034,4334
8/12/2020,Europe,23410,348,3109971,202172,145338,2152,278068,4281
8/13/2020,Europe,27407,365,3137378,202537,150798,2190,285641,4322
8/14/2020,Europe,27042,331,3164420,202868,154134,2207,292914,4290
8/15/2020,Europe,19816,448,3184236,203316,158819,2363,298356,4503
8/16/2020,Europe,17038,199,3201274,203515,162063,2359,302501,4499
8/17/2020,Europe,30735,256,3232009,203771,165160,2279,308262,4492
8/18/2020,Europe,22917,356,3254926,204127,168365,2303,310641,4488
8/19/2020,Europe,28057,463,3282983,204590,173012,2418,318350,4570
8/20/2020,Europe,30270,345,3313253,204935,175875,2398,326673,4588
8/21/2020,Europe,32196,320,3345449,205255,181029,2387,335163,4594
8/22/2020,Europe,21417,306,3366866,205561,182630,2245,341449,4608
8/23/2020,Europe,19965,207,3386831,205768,185557,2253,347620,4612
8/24/2020,Europe,36913,277,3423744,206045,191735,2274,356895,4553
8/25/2020,Europe,27052,404,3450796,206449,195870,2322,364235,4625
8/26/2020,Europe,26211,260,3477007,206709,194024,2119,367036,4537
8/27/2020,Europe,39843,380,3516850,207089,203597,2154,379472,4552
8/28/2020,Europe,35272,331,3552122,207420,206673,2165,387702,4552
8/29/2020,Europe,23722,285,3575844,207705,208978,2144,391608,4389
8/30/2020,Europe,21873,205,3597717,207910,210886,2142,396443,4395
8/31/2020,Europe,43032,357,3640749,208267,217005,2222,408740,4496
9/1/2020,Europe,29786,431,3670535,208698,219739,2249,415609,4571
9/2/2020,Europe,35668,404,3706203,209102,229196,2393,423220,4512
9/3/2020,Europe,36956,392,3743159,209494,226309,2405,429906,4559
9/4/2020,Europe,41511,477,3784670,209971,232548,2551,439221,4716
9/5/2020,Europe,29601,335,3814271,210306,238427,2601,447405,4745
9/6/2020,Europe,26454,207,3840725,210513,243008,2603,453894,4745
9/7/2020,Europe,50999,327,3891724,210840,250975,2573,467980,4795
9/8/2020,Europe,37236,472,3928960,211312,258425,2614,478164,4863
9/9/2020,Europe,41150,416,3970110,211728,263907,2626,493103,5019
9/10/2020,Europe,45726,410,4015836,212138,272677,2644,498986,5049
9/11/2020,Europe,49067,417,4064903,212555,280233,2584,512781,5135
9/12/2020,Europe,37884,331,4102787,212886,288516,2580,526943,5181
9/13/2020,Europe,29457,255,4132244,213141,291519,2628,534527,5231
9/14/2020,Europe,55849,370,4188093,213511,296369,2671,547344,5244
9/15/2020,Europe,43770,633,4231863,214144,302903,2832,561328,5446
9/16/2020,Europe,50943,706,4282806,214850,312696,3122,576603,5748
9/17/2020,Europe,55124,607,4337930,215457,322094,3319,594771,5963
9/18/2020,Europe,60955,661,4398885,216118,333982,3563,614215,6147
9/19/2020,Europe,44644,399,4443529,216517,340742,3631,629258,6211
9/20/2020,Europe,38697,288,4482226,216805,349982,3664,641501,6292
9/21/2020,Europe,65880,471,4548106,217276,360013,3765,656382,6436
9/22/2020,Europe,53719,777,4601825,218053,369962,3909,672865,6741
9/23/2020,Europe,61057,685,4662882,218738,380076,3888,692772,7010
9/24/2020,Europe,65364,592,4728246,219330,390316,3873,712410,7192
9/25/2020,Europe,70009,688,4798255,220018,399370,3900,733352,7463
9/26/2020,Europe,51836,567,4850091,220585,406562,4068,747304,7699
9/27/2020,Europe,44788,345,4894879,220930,412653,4125,762635,7789
9/28/2020,Europe,68658,551,4963537,221481,415431,4205,775444,7970
9/29/2020,Europe,48426,626,5011963,222107,410138,4054,780100,7963
9/30/2020,Europe,79394,1014,5091357,223121,428475,4383,808551,8271
10/1/2020,Europe,70380,753,5161737,223874,433491,4544,823807,8417
10/2/2020,Europe,76597,824,5238334,224698,440079,4680,839449,8580
10/3/2020,Europe,71241,577,5309575,225275,459484,4690,866046,8758
10/4/2020,Europe,73537,437,5383112,225712,488233,4782,900886,8907
10/5/2020,Europe,84008,638,5467120,226350,503583,4869,919014,9074
10/6/2020,Europe,84522,1077,5551642,227427,539679,5320,949817,9374
10/7/2020,Europe,98691,904,5650333,228331,558976,5210,987451,9593
10/8/2020,Europe,111313,890,5761646,229221,599909,5347,1033400,9891
10/9/2020,Europe,117936,1050,5879582,230271,641248,5573,1081327,10253
10/10/2020,Europe,109790,766,5989372,231037,679797,5762,1139281,10452
10/11/2020,Europe,87486,623,6076858,231660,693746,5948,1181979,10730
10/12/2020,Europe,114751,885,6191609,232545,724489,6195,1228072,11064
10/13/2020,Europe,112474,1172,6304083,233717,752441,6290,1292120,11610
10/14/2020,Europe,142979,1347,6447062,235064,796729,6733,1355705,11943
10/15/2020,Europe,156681,1285,6603743,236349,842097,7128,1442006,12475
10/16/2020,Europe,157579,1435,6761322,237784,881740,7513,1522988,13086
10/17/2020,Europe,144083,1097,6905405,238881,916033,7844,1595830,13606
10/18/2020,Europe,132439,875,7037844,239756,960986,8096,1654732,14044
10/19/2020,Europe,165195,1232,7203039,240988,1011430,8443,1735919,14638
10/20/2020,Europe,160854,1811,7363893,242799,1059810,9082,1812251,15372
10/21/2020,Europe,200851,1658,7564744,244457,1117682,9393,1914411,16126
10/22/2020,Europe,215582,1789,7780326,246246,1176583,9897,2018680,17025
10/23/2020,Europe,235023,1979,8015349,248225,1254027,10441,2135767,17954
10/24/2020,Europe,205265,1666,8220614,249891,1315209,11010,2231242,18854
10/25/2020,Europe,153619,1179,8374233,251070,1336389,11314,2297375,19410
10/26/2020,Europe,284162,1918,8658395,252988,1455356,12000,2466786,20443
10/27/2020,Europe,230574,2790,8888969,255778,1525076,12979,2584886,22061
10/28/2020,Europe,257346,2517,9146315,258295,1581571,13838,2699253,23231
10/29/2020,Europe,284779,2584,9431094,260879,1650768,14633,2827351,24530
10/30/2020,Europe,300422,3033,9731516,263912,1716167,15687,2970194,26128
10/31/2020,Europe,230761,2513,9962277,266425,1741663,16534,3056872,27544
11/1/2020,Europe,218248,1874,10180525,268299,1806292,17229,3142681,28543
11/2/2020,Europe,36447,2660,10526972,270959,1868577,17971,3323933,29971
11/3/2020,Europe,277004,4344,10803976,275303,1915007,19525,3440083,32504
11/4/2020,Europe,228055,4918,11032031,280221,1885716,21926,3467287,35764
11/5/2020,Europe,316195,3677,11348226,283898,1917132,23019,3567900,37652
11/6/2020,Europe,321684,4353,11669910,288251,1938394,24339,3654561,40026
11/7/2020,Europe,300505,3247,11970415,291498,2008138,25073,3749801,41607
11/8/2020,Europe,219776,2340,12190191,293838,2009666,25539,3815958,42768
11/9/2020,Europe,244016,3435,12434207,297273,1907235,26314,3775812,44285
11/10/2020,Europe,250057,5227,12684264,302500,1880288,27197,3795295,46722
11/11/2020,Europe,297048,5082,12981312,307582,1949281,27361,3834997,49287
11/12/2020,Europe,294647,4407,13275959,311989,1927733,28091,3844865,51110
11/13/2020,Europe,286273,4781,13562232,316770,1892322,28519,3830716,52858
11/14/2020,Europe,242484,3750,13804716,320520,1834301,29022,3842439,54095
11/15/2020,Europe,200180,2883,14004896,323403,1814705,29565,3824371,55104
11/16/2020,Europe,235329,4053,14240225,327456,1806018,30183,3713253,56497
11/17/2020,Europe,274154,5772,14514379,333228,1830115,30728,3710403,57925
11/18/2020,Europe,263038,5297,14777417,338525,1796105,30943,3745386,58304
11/19/2020,Europe,269793,4850,15047210,343375,1771251,31386,3698984,59477
11/20/2020,Europe,267486,5774,15314696,349149,1752464,32379,3644786,60898
11/21/2020,Europe,220331,3910,15535027,353059,1730311,32539,3564612,61561
11/22/2020,Europe,172686,3198,15707713,356257,1702817,32854,3517522,62419
11/23/2020,Europe,192805,4342,15900518,360599,1660293,33143,3466311,63326
11/24/2020,Europe,225676,6229,16126194,366828,1611815,33600,3441930,64328
11/25/2020,Europe,237824,5537,16364018,372365,1586601,33840,3382706,64783
11/26/2020,Europe,237801,5415,16601819,377780,1554609,34405,3325860,65791
11/27/2020,Europe,233413,5887,16835232,383667,1520536,34518,3273000,66897
11/28/2020,Europe,193566,4254,17028798,387921,1493771,34862,3224082,67401
11/29/2020,Europe,150866,3145,17179664,391066,1471951,34809,3174768,67663
11/30/2020,Europe,164564,4316,17344228,395382,1443710,34783,3104003,67926
12/1/2020,Europe,200694,6007,17544922,401389,1418728,34561,3030543,68161
12/2/2020,Europe,210696,5619,17755618,407008,1391600,34643,2978201,68483
12/3/2020,Europe,224458,5489,17980076,412497,1378257,34717,2932866,69122
12/4/2020,Europe,214924,5652,18195000,418149,1359768,34482,2880304,69000
12/5/2020,Europe,200056,4184,18395056,422333,1366258,34412,2860029,69274
12/6/2020,Europe,162418,3165,18557474,425498,1377810,34432,2849761,69241
12/7/2020,Europe,151955,3970,18709429,429468,1365201,34086,2808911,68869
12/8/2020,Europe,198981,5452,18908410,434920,1363488,33531,2782216,68092
12/9/2020,Europe,212636,5270,19121046,440190,1365428,33182,2757028,67825
12/10/2020,Europe,238058,5470,19359104,445660,1379028,33163,2757285,67880
12/11/2020,Europe,231133,5713,19590237,451373,1395237,33224,2755005,67706
12/12/2020,Europe,201934,4370,19792171,455743,1397115,33410,2763373,67822
12/13/2020,Europe,169487,3108,19961658,458851,1404184,33353,2781994,67785
12/14/2020,Europe,158835,4083,20120493,462934,1411064,33466,2776265,67552
12/15/2020,Europe,213495,6307,20333988,469241,1425578,34321,2789066,67852
12/16/2020,Europe,241622,5950,20575610,475191,1454564,35001,2819992,68183
12/17/2020,Europe,254399,5458,20830009,480649,1470905,34989,2849933,68152
12/18/2020,Europe,244541,5713,21074550,486362,1484313,34989,2879550,68213
12/19/2020,Europe,202237,4329,21276787,490691,1484616,34948,2881731,68358
12/20/2020,Europe,169971,2984,21446758,493675,1485100,34824,2889284,68177
12/21/2020,Europe,187077,4161,21633835,497836,1513342,34902,2924406,68368
12/22/2020,Europe,236518,6147,21870353,503983,1536365,34742,2961943,69063
12/23/2020,Europe,248010,5708,22118363,509691,1542753,34500,2997317,69501
12/24/2020,Europe,249867,4540,22368230,514231,1538221,33582,3009126,68571
12/25/2020,Europe,180519,3511,22548749,517742,1474199,31380,2958512,66369
12/26/2020,Europe,139750,2759,22688499,520501,1411712,29810,2896328,64758
12/27/2020,Europe,135410,2833,22823909,523334,1377151,29659,2862251,64483
12/28/2020,Europe,172625,4195,22996534,527529,1362699,29693,2876041,64595
12/29/2020,Europe,244659,6406,23241193,533935,1370840,29952,2907205,64694
12/30/2020,Europe,296006,6392,23537199,540327,1418836,30636,2961589,65136
12/31/2020,Europe,269948,5160,23807147,545487,1438917,31256,2977138,64838
7/1/2020,North America,61736,1575,3161702,168884,370118,8502,653118,18438
7/2/2020,North America,67817,1526,3229519,170410,387516,8669,683675,18556
7/3/2020,North America,62984,1436,3292503,171846,396125,8621,706711,18623
7/4/2020,North America,57482,954,3349985,172800,403934,8379,723354,18537
7/5/2020,North America,60621,681,3410606,173481,415521,8412,750302,17795
7/6/2020,North America,52316,966,3462922,174447,418967,8441,762570,17490
7/7/2020,North America,70871,2168,3533793,176615,433827,9306,786498,18011
7/8/2020,North America,71376,1721,3605169,178336,443467,9452,813585,17954
7/9/2020,North America,74916,1854,3680085,180190,450566,9780,838082,18449
7/10/2020,North America,79802,1648,3759887,181838,467384,9992,863509,18613
7/11/2020,North America,70827,1385,3830714,183223,480729,10423,884663,18802
7/12/2020,North America,67796,849,3898510,184072,487904,10591,903425,19003
7/13/2020,North America,68429,1022,3966939,185094,504017,10647,922984,19088
7/14/2020,North America,79953,1902,4046892,186996,513099,10381,946926,19687
7/15/2020,North America,80114,1688,4127006,188684,521837,10348,965304,19800
7/16/2020,North America,87562,1746,4214568,190430,534483,10240,985049,20020
7/17/2020,North America,84847,1788,4299415,192218,539528,10380,1006912,20372
7/18/2020,North America,78955,1562,4378370,193780,547656,10557,1028385,20980
7/19/2020,North America,71267,883,4449637,194663,551127,10591,1039031,21182
7/20/2020,North America,72135,976,4521772,195639,554833,10545,1058850,21192
7/21/2020,North America,76388,2152,4598160,197791,551268,10795,1064367,21176
7/22/2020,North America,81591,2124,4679751,199915,552745,11231,1074582,21579
7/23/2020,North America,83111,1911,4762862,201826,548294,11396,1082777,21636
7/24/2020,North America,87040,2020,4849902,203846,550487,11628,1090015,22008
7/25/2020,North America,78219,1796,4928121,205642,549751,11862,1097407,22419
7/26/2020,North America,66558,939,4994679,206581,545042,11918,1096169,22509
7/27/2020,North America,66768,1626,5061447,208207,539675,12568,1094508,23113
7/28/2020,North America,78501,2335,5139948,210542,541788,12751,1093056,23546
7/29/2020,North America,83222,2071,5223170,212613,543419,12698,1096164,23929
7/30/2020,North America,80826,2033,5303996,214646,541134,12820,1089428,24216
7/31/2020,North America,83168,2071,5387164,216717,537262,12871,1087749,24499
8/1/2020,North America,71634,2002,5458798,218719,530677,13077,1080428,24939
8/2/2020,North America,54672,807,5513470,219526,518791,12945,1063833,24863
8/3/2020,North America,54144,929,5567614,220455,506167,12248,1045842,24816
8/4/2020,North America,70295,2269,5637909,222724,497961,12182,1039749,24933
8/5/2020,North America,66244,2394,5704153,225118,480983,12505,1024402,25203
8/6/2020,North America,71078,2213,5775231,227331,471235,12685,1012369,25505
8/7/2020,North America,71999,2160,5847230,229491,460066,12774,997328,25645
8/8/2020,North America,65944,1891,5913174,231382,454376,12663,985053,25740
8/9/2020,North America,54108,930,5967282,232312,453812,12786,972603,25731
8/10/2020,North America,57558,1441,6024840,233753,457226,13298,963393,25546
8/11/2020,North America,59594,2030,6084434,235783,446525,13059,944486,25241
8/12/2020,North America,66740,2356,6151174,238139,447021,13021,928004,25526
8/13/2020,North America,64505,1800,6215679,239939,440448,12608,911683,25293
8/14/2020,North America,76606,2064,6292285,242003,445055,12512,905121,25286
8/15/2020,North America,58644,1733,6350929,243736,437755,12354,892131,25017
8/16/2020,North America,47910,922,6398839,244658,431557,12346,885369,25132
8/17/2020,North America,43454,847,6442293,245505,417453,11752,874679,25050
8/18/2020,North America,54858,2079,6497151,247584,412717,11801,859242,24860
8/19/2020,North America,58515,2162,6555666,249746,404492,11607,851513,24628
8/20/2020,North America,54974,1824,6610640,251570,394961,11631,835409,24239
8/21/2020,North America,60015,1710,6670655,253280,378370,11277,823425,23789
8/22/2020,North America,54441,1671,6725096,254951,374167,11215,811922,23569
8/23/2020,North America,42654,846,6767750,255797,368911,11139,800468,23485
8/24/2020,North America,44301,902,6812051,256699,369758,11194,787211,22946
8/25/2020,North America,50169,1987,6862220,258686,365069,11102,777786,22903
8/26/2020,North America,55331,1937,6917551,260623,361885,10877,766377,22484
8/27/2020,North America,56758,1770,6974309,262393,363669,10823,758630,22454
8/28/2020,North America,58221,1653,7032530,264046,361875,10766,740245,22043
8/29/2020,North America,53424,1676,7085954,265722,360858,10771,735025,21986
8/30/2020,North America,41263,850,7127217,266572,359467,10775,728378,21914
8/31/2020,North America,44549,900,7171766,267472,359715,10773,729473,21967
9/1/2020,North America,52605,1960,7224371,269432,362151,10746,727220,21848
9/2/2020,North America,50867,1767,7275238,271199,357687,10576,719572,21453
9/3/2020,North America,55610,1680,7330848,272879,356539,10486,720208,21309
9/4/2020,North America,60756,1568,7391604,274447,359074,10401,720949,21167
9/5/2020,North America,55459,1363,7447063,275810,361109,10088,721967,20859
9/6/2020,North America,38313,739,7485376,276549,358159,9977,717626,20752
9/7/2020,North America,31057,627,7516433,277176,344667,9704,704382,20477
9/8/2020,North America,38303,1266,7554736,278442,330365,9010,692516,19756
9/9/2020,North America,43571,1805,7598307,280247,323069,9048,680756,19624
9/10/2020,North America,45981,1609,7644288,281856,313440,8977,669979,19463
9/11/2020,North America,58406,1786,7702694,283642,311090,9195,670164,19596
9/12/2020,North America,52599,1197,7755293,284839,308230,9029,669339,19117
9/13/2020,North America,41739,710,7797032,285549,311656,9000,669815,18977
9/14/2020,North America,43639,760,7840671,286309,324238,9133,668905,18837
9/15/2020,North America,48246,1900,7888917,288209,334181,9767,664546,18777
9/16/2020,North America,48869,1346,7937786,289555,339479,9308,662548,18356
9/17/2020,North America,53747,1172,7991533,290727,347245,8871,660685,17848
9/18/2020,North America,59994,1654,8051527,292381,348833,8739,659923,17934
9/19/2020,North America,52824,1307,8104351,293688,349058,8849,657288,17878
9/20/2020,North America,45665,566,8150016,294254,352984,8705,664640,17705
9/21/2020,North America,61016,735,8211032,294989,370361,8680,694599,17813
9/22/2020,North America,49667,1757,8260699,296746,371782,8537,705963,18304
9/23/2020,North America,49417,1748,8310116,298494,372330,8939,711809,18247
9/24/2020,North America,57846,1476,8367962,299970,376429,9243,723674,18114
9/25/2020,North America,60069,1449,8428031,301419,376504,9038,725337,17777
9/26/2020,North America,55455,1264,8483486,302683,379135,8995,728193,17844
9/27/2020,North America,44541,546,8528027,303229,378011,8975,730995,17680
9/28/2020,North America,42740,620,8570767,303849,359735,8860,730096,17540
9/29/2020,North America,53346,1493,8624113,305342,363414,8596,735196,17133
9/30/2020,North America,51015,1553,8675128,306895,365012,8401,737342,17340
10/1/2020,North America,56583,1405,8731711,308300,363749,8330,740178,17573
10/2/2020,North America,65996,1436,8797707,309736,369676,8317,746180,17355
10/3/2020,North America,58971,1173,8856678,310909,373192,8226,752327,17221
10/4/2020,North America,44211,689,8900889,311598,372862,8369,750873,17344
10/5/2020,North America,74593,3377,8975482,314975,404715,11126,764450,19986
10/6/2020,North America,56356,1245,9031838,316220,407725,10878,771139,19474
10/7/2020,North America,61750,1418,9093588,317638,418460,10743,783472,19144
10/8/2020,North America,70852,1443,9164440,319081,432729,10781,796478,19111
10/9/2020,North America,69095,1448,9233535,320529,435828,10793,805504,19110
10/10/2020,North America,65994,898,9299529,321427,442851,10518,816043,18744
10/11/2020,North America,53450,673,9352979,322100,452090,10502,824952,18871
10/12/2020,North America,49916,645,9402895,322745,427413,7770,832128,18896
10/13/2020,North America,63698,1371,9466593,324116,434755,7896,842480,18774
10/14/2020,North America,71229,1551,9537822,325667,444234,8029,862694,18772
10/15/2020,North America,77255,1353,9615077,327020,450637,7939,883366,18720
10/16/2020,North America,82479,1459,9697556,328479,464021,7950,899849,18743
10/17/2020,North America,66605,1212,9764161,329691,464632,8264,907483,18782
10/18/2020,North America,59889,672,9824050,330363,471071,8263,923161,18765
10/19/2020,North America,78610,746,9902660,331109,499765,8364,927178,16134
10/20/2020,North America,73748,1545,9976408,332654,509815,8538,944570,16434
10/21/2020,North America,77054,1755,10053462,334409,515640,8742,959874,16771
10/22/2020,North America,89694,1016,10143156,335425,528079,8405,978716,16344
10/23/2020,North America,94535,1937,10237691,337362,540135,8883,1004156,16833
10/24/2020,North America,95639,1474,10333330,338836,569169,9145,1033801,17409
10/25/2020,North America,71612,734,10404942,339570,580892,9207,1051963,17470
10/26/2020,North America,79053,882,10483995,340452,581335,9343,1081100,17707
10/27/2020,North America,89096,1705,10573091,342157,596683,9503,1106498,18041
10/28/2020,North America,92029,1637,10665120,343794,611658,9385,1127298,18127
10/29/2020,North America,104021,1578,10769141,345372,625985,9947,1154064,18352
10/30/2020,North America,113208,1683,10882349,347055,644658,9693,1184793,18576
10/31/2020,North America,101841,1472,10984190,348527,650860,9691,1220029,18836
11/1/2020,North America,114538,707,11098728,349234,693786,9664,1274678,18871
11/2/2020,North America,95347,866,11194075,350100,710080,9648,1291415,18991
11/3/2020,North America,140141,2199,11334216,352299,761125,10142,1357808,19645
11/4/2020,North America,116220,1859,11450436,354158,785316,10364,1396974,19749
11/5/2020,North America,141370,1799,11591806,355957,822665,10585,1448650,20532
11/6/2020,North America,143290,1917,11735096,357874,852747,10819,1497405,20512
11/7/2020,North America,142105,1665,11877201,359539,893011,11012,1543871,20703
11/8/2020,North America,127057,877,12004258,360416,905530,11182,1599316,20846
11/9/2020,North America,133836,1106,12138094,361522,944019,11422,1654099,21070
11/10/2020,North America,154754,2161,12292848,363683,958632,11384,1719757,21526
11/11/2020,North America,162225,2145,12455073,365828,1004637,11670,1789953,22034
11/12/2020,North America,179891,1952,12634964,367780,1043158,11823,1865823,22408
11/13/2020,North America,195662,1911,12830626,369691,1095530,11817,1948277,22636
11/14/2020,North America,182159,2121,13012785,371812,1135584,12273,2028595,23285
11/15/2020,North America,146741,1157,13159526,372969,1155268,12553,2060798,23735
11/16/2020,North America,175374,1287,13334900,374256,1196806,12734,2140825,24156
11/17/2020,North America,174059,2000,13508959,376256,1216111,12573,2174743,23957
11/18/2020,North America,185613,2623,13694572,378879,1239499,13051,2244136,24721
11/19/2020,North America,205394,2784,13899966,381663,1265002,13883,2308160,25706
11/20/2020,North America,213801,2806,14113767,384469,1283141,14778,2378671,26595
11/21/2020,North America,195201,2278,14308968,386747,1296183,14935,2431767,27208
11/22/2020,North America,163265,1417,14472233,388164,1312707,15195,2467975,27748
11/23/2020,North America,194134,1519,14666367,389683,1331467,15427,2528273,28161
11/24/2020,North America,195185,3101,14861552,392784,1352593,16528,2568704,29101
11/25/2020,North America,203786,3245,15065338,396029,1370766,17150,2610265,30201
11/26/2020,North America,132342,2180,15197680,398209,1297714,16546,2562716,30429
11/27/2020,North America,231183,2329,15428863,400538,1315096,16069,2598237,30847
11/28/2020,North America,176002,2063,15604865,402601,1295897,15854,2592080,30789
11/29/2020,North America,154358,1353,15759223,403954,1286990,15790,2599697,30985
11/30/2020,North America,179973,1817,15939196,405771,1272829,16088,2604296,31515
12/1/2020,North America,206028,3493,16145224,409264,1283672,16480,2636265,33008
12/2/2020,North America,226282,3782,16371506,413046,1306168,17017,2676934,34167
12/3/2020,North America,247704,3748,16619210,416794,1421530,18585,2719244,35131
12/4/2020,North America,256866,3559,16876076,420353,1447213,19815,2762309,35884
12/5/2020,North America,238215,3076,17114291,423429,1509426,20828,2805323,36682
12/6/2020,North America,199176,1739,17313467,425168,1554244,21214,2841234,37004
12/7/2020,North America,214651,2188,17528118,427356,1588922,21585,2861751,37673
12/8/2020,North America,247105,3593,17775223,430949,1629999,21685,2913671,38165
12/9/2020,North America,247205,4171,18022428,435120,1650922,22074,2957090,39091
12/10/2020,North America,257009,3885,18279437,439005,1660227,22211,3081757,40796
12/11/2020,North America,265017,4319,18544454,443324,1668378,22971,3115591,42786
12/12/2020,North America,241152,3317,18785606,446641,1671315,23212,3180741,44040
12/13/2020,North America,206869,2019,18992475,448660,1679008,23492,3233252,44706
12/14/2020,North America,214389,2252,19206864,450912,1678746,23556,3267668,45141
12/15/2020,North America,232025,4156,19438889,455068,1663666,24119,3293665,45804
12/16/2020,North America,270226,4552,19709115,459620,1686687,24500,3337609,46574
12/17/2020,North America,265050,4496,19974165,464116,1694728,25111,3354955,47322
12/18/2020,North America,277539,3934,20251704,468050,1707250,24726,3375628,47697
12/19/2020,North America,215986,3461,20467690,471511,1682084,24870,3353399,48082
12/20/2020,North America,206311,2217,20674001,473728,1681526,25068,3360534,48560
12/21/2020,North America,217926,2556,20891927,476284,1685063,25372,3363809,48928
12/22/2020,North America,223613,4545,21115540,480829,1676651,25761,3340317,49880
12/23/2020,North America,254784,4473,21370324,485302,1661209,25682,3347896,50182
12/24/2020,North America,220429,4018,21590753,489320,1616588,25204,3311316,50315
12/25/2020,North America,114802,2222,21705555,491542,1453851,23492,3161101,48218
12/26/2020,North America,238112,2222,21943667,493764,1475977,22253,3158061,47123
12/27/2020,North America,176149,2011,22119816,495775,1445815,22047,3127341,47115
12/28/2020,North America,194295,2722,22314111,498497,1422184,22213,3107247,47585
12/29/2020,North America,229681,4936,22543792,503433,1428252,22604,3104903,48365
12/30/2020,North America,263050,5012,22806842,508445,1436518,23143,3097727,48825
12/31/2020,North America,263796,4606,23070638,513051,1479885,23731,3096473,48935
7/1/2020,Oceania,83,0,9560,126,455,0,636,2
7/2/2020,Oceania,65,0,9625,126,482,0,683,2
7/3/2020,Oceania,194,0,9819,126,667,0,873,2
7/4/2020,Oceania,186,0,10005,126,764,0,1007,2
7/5/2020,Oceania,142,2,10147,128,826,2,1134,4
7/6/2020,Oceania,176,0,10323,128,932,2,1289,4
7/7/2020,Oceania,132,0,10455,128,978,2,1391,3
7/8/2020,Oceania,173,0,10628,128,1068,2,1523,2
7/9/2020,Oceania,325,0,10953,128,1328,2,1810,2
7/10/2020,Oceania,180,1,11133,129,1314,3,1981,3
7/11/2020,Oceania,245,1,11378,130,1373,4,2137,4
7/12/2020,Oceania,183,0,11561,130,1414,2,2240,4
7/13/2020,Oceania,272,0,11833,130,1510,2,2442,4
7/14/2020,Oceania,238,3,12071,133,1616,5,2594,7
7/15/2020,Oceania,324,2,12395,135,1767,7,2835,9
7/16/2020,Oceania,424,3,12819,138,1866,10,3194,12
7/17/2020,Oceania,213,2,13032,140,1899,11,3213,14
7/18/2020,Oceania,365,4,13397,144,2019,14,3392,18
7/19/2020,Oceania,269,1,13666,145,2105,15,3519,17
7/20/2020,Oceania,363,3,14029,148,2196,18,3706,20
7/21/2020,Oceania,474,2,14503,150,2432,17,4048,22
7/22/2020,Oceania,411,5,14914,155,2519,20,4286,27
7/23/2020,Oceania,295,6,15209,161,2390,23,4256,33
7/24/2020,Oceania,356,6,15565,167,2533,27,4432,38
7/25/2020,Oceania,460,10,16025,177,2628,33,4647,47
7/26/2020,Oceania,555,6,16580,183,2914,38,5019,53
7/27/2020,Oceania,369,6,16949,189,2920,41,5116,59
7/28/2020,Oceania,282,9,17231,198,2728,48,5160,65
7/29/2020,Oceania,717,14,17948,212,3034,57,5553,77
7/30/2020,Oceania,605,8,18553,220,3344,59,5734,82
7/31/2020,Oceania,388,6,18941,226,3376,59,5909,86
8/1/2020,Oceania,637,7,19578,233,3553,56,6181,89
8/2/2020,Oceania,444,13,20022,246,3442,63,6356,101
8/3/2020,Oceania,413,11,20435,257,3486,68,6406,109
8/4/2020,Oceania,720,15,21155,272,3924,74,6652,122
8/5/2020,Oceania,484,8,21639,280,3691,68,6725,125
8/6/2020,Oceania,392,12,22031,292,3478,72,6822,131
8/7/2020,Oceania,451,12,22482,304,3541,78,6917,137
8/8/2020,Oceania,386,17,22868,321,3290,88,6843,144
8/9/2020,Oceania,339,18,23207,339,3185,93,6627,156
8/10/2020,Oceania,317,18,23524,357,3089,100,6575,168
8/11/2020,Oceania,414,21,23938,378,2783,106,6707,180
8/12/2020,Oceania,323,9,24261,387,2622,107,6313,175
8/13/2020,Oceania,382,14,24643,401,2612,109,6090,181
8/14/2020,Oceania,300,4,24943,405,2461,101,6002,179
8/15/2020,Oceania,265,17,25208,422,2340,101,5630,189
8/16/2020,Oceania,332,25,25540,447,2333,108,5518,201
8/17/2020,Oceania,237,17,25777,464,2253,107,5342,207
8/18/2020,Oceania,236,12,26013,476,2075,98,4858,204
8/19/2020,Oceania,252,13,26265,489,2004,102,4626,209
8/20/2020,Oceania,196,10,26461,499,1818,98,4430,207
8/21/2020,Oceania,201,13,26662,512,1719,107,4180,208
8/22/2020,Oceania,212,17,26874,529,1666,107,4006,208
8/23/2020,Oceania,153,15,27027,544,1487,97,3820,205
8/24/2020,Oceania,145,8,27172,552,1395,88,3648,195
8/25/2020,Oceania,174,24,27346,576,1333,100,3408,198
8/26/2020,Oceania,125,23,27471,599,1206,110,3210,212
8/27/2020,Oceania,143,12,27614,611,1153,112,2971,210
8/28/2020,Oceania,141,18,27755,629,1093,117,2812,224
8/29/2020,Oceania,125,11,27880,640,1006,111,2672,218
8/30/2020,Oceania,91,41,27971,681,944,137,2431,234
8/31/2020,Oceania,87,5,28058,686,886,134,2281,222
9/1/2020,Oceania,111,6,28169,692,823,116,2156,216
9/2/2020,Oceania,139,15,28308,707,837,108,2043,218
9/3/2020,Oceania,92,59,28400,766,786,155,1939,267
9/4/2020,Oceania,82,13,28482,779,727,150,1820,267
9/5/2020,Oceania,87,5,28569,784,689,144,1695,255
9/6/2020,Oceania,56,9,28625,793,654,112,1598,249
9/7/2020,Oceania,58,8,28683,801,625,115,1511,249
9/8/2020,Oceania,104,11,28787,812,618,120,1441,236
9/9/2020,Oceania,65,7,28852,819,544,112,1381,220
9/10/2020,Oceania,44,9,28896,828,496,62,1282,217
9/11/2020,Oceania,46,6,28942,834,460,55,1187,205
9/12/2020,Oceania,46,7,28988,841,419,57,1108,201
9/13/2020,Oceania,44,7,29032,848,407,55,1061,167
9/14/2020,Oceania,51,0,29083,848,400,47,1025,162
9/15/2020,Oceania,40,9,29123,857,336,45,954,165
9/16/2020,Oceania,47,8,29170,865,318,46,862,158
9/17/2020,Oceania,48,5,29218,870,322,42,818,104
9/18/2020,Oceania,26,7,29244,877,302,43,762,98
9/19/2020,Oceania,17,5,29261,882,273,41,692,98
9/20/2020,Oceania,15,3,29276,885,244,37,651,92
9/21/2020,Oceania,30,3,29306,888,223,40,623,87
9/22/2020,Oceania,49,5,29355,893,232,36,568,81
9/23/2020,Oceania,11,2,29366,895,196,30,514,76
9/24/2020,Oceania,26,8,29392,903,174,33,496,75
9/25/2020,Oceania,19,1,29411,904,167,27,469,70
9/26/2020,Oceania,26,2,29437,906,176,24,449,65
9/27/2020,Oceania,4,3,29441,909,165,24,409,61
9/28/2020,Oceania,13,7,29454,916,148,28,371,68
9/29/2020,Oceania,26,4,29480,920,125,27,357,63
9/30/2020,Oceania,30,2,29510,922,144,27,340,57
10/1/2020,Oceania,18,2,29528,924,136,21,310,54
10/2/2020,Oceania,13,3,29541,927,130,23,297,50
10/3/2020,Oceania,20,1,29561,928,124,22,300,46
10/4/2020,Oceania,14,0,29575,928,134,19,299,43
10/5/2020,Oceania,28,1,29603,929,149,13,297,41
10/6/2020,Oceania,12,2,29615,931,135,11,260,38
10/7/2020,Oceania,28,0,29643,931,133,9,277,36
10/8/2020,Oceania,30,0,29673,931,145,7,281,28
10/9/2020,Oceania,22,0,29695,931,154,4,284,27
10/10/2020,Oceania,20,1,29715,932,154,4,278,26
10/11/2020,Oceania,27,0,29742,932,167,4,301,23
10/12/2020,Oceania,39,1,29781,933,178,4,327,17
10/13/2020,Oceania,29,5,29810,938,195,7,330,18
10/14/2020,Oceania,35,0,29845,938,202,7,335,16
10/15/2020,Oceania,19,0,29864,938,191,7,336,14
10/16/2020,Oceania,10,0,29874,938,179,7,333,11
10/17/2020,Oceania,18,0,29892,938,177,6,331,10
10/18/2020,Oceania,9,1,29901,939,159,7,326,11
10/19/2020,Oceania,7,0,29908,939,127,6,305,10
10/20/2020,Oceania,63,0,29971,939,161,1,356,8
10/21/2020,Oceania,18,0,29989,939,144,1,346,8
10/22/2020,Oceania,30,0,30019,939,155,1,346,8
10/23/2020,Oceania,30,0,30049,939,175,1,354,8
10/24/2020,Oceania,19,0,30068,939,176,1,353,7
10/25/2020,Oceania,17,0,30085,939,184,0,343,7
10/26/2020,Oceania,20,0,30105,939,197,0,324,6
10/27/2020,Oceania,20,2,30125,941,154,2,315,3
10/28/2020,Oceania,20,0,30145,941,156,2,300,3
10/29/2020,Oceania,17,0,30162,941,143,2,298,3
10/30/2020,Oceania,13,0,30175,941,126,2,301,3
10/31/2020,Oceania,12,0,30187,941,119,2,295,3
11/1/2020,Oceania,10,0,30197,941,112,2,296,2
11/2/2020,Oceania,20,0,30217,941,112,2,309,2
11/3/2020,Oceania,22,0,30239,941,114,0,268,2
11/4/2020,Oceania,10,0,30249,941,104,0,260,2
11/5/2020,Oceania,14,0,30263,941,101,0,244,2
11/6/2020,Oceania,10,0,30273,941,98,0,224,2
11/7/2020,Oceania,12,0,30285,941,98,0,217,2
11/8/2020,Oceania,13,0,30298,941,101,0,213,2
11/9/2020,Oceania,8,0,30306,941,89,0,201,2
11/10/2020,Oceania,4,0,30310,941,71,0,185,0
11/11/2020,Oceania,8,0,30318,941,69,0,173,0
11/12/2020,Oceania,5,0,30323,941,60,0,161,0
11/13/2020,Oceania,10,0,30333,941,60,0,158,0
11/14/2020,Oceania,32,0,30365,941,80,0,178,0
11/15/2020,Oceania,40,0,30405,941,107,0,208,0
11/16/2020,Oceania,13,0,30418,941,112,0,201,0
11/17/2020,Oceania,25,0,30443,941,133,0,204,0
11/18/2020,Oceania,13,0,30456,941,138,0,207,0
11/19/2020,Oceania,10,0,30466,941,143,0,203,0
11/20/2020,Oceania,20,0,30486,941,153,0,213,0
11/21/2020,Oceania,24,0,30510,941,145,0,225,0
11/22/2020,Oceania,15,0,30525,941,120,0,227,0
11/23/2020,Oceania,36,0,30561,941,143,0,255,0
11/24/2020,Oceania,22,0,30583,941,140,0,273,0
11/25/2020,Oceania,28,0,30611,941,155,0,293,0
11/26/2020,Oceania,15,0,30626,941,160,0,303,0
11/27/2020,Oceania,17,0,30643,941,157,0,310,0
11/28/2020,Oceania,6,0,30649,941,139,0,284,0
11/29/2020,Oceania,16,1,30665,942,140,1,260,1
11/30/2020,Oceania,28,0,30693,942,132,1,275,1
12/1/2020,Oceania,25,0,30718,942,135,1,275,1
12/2/2020,Oceania,25,0,30743,942,132,1,287,1
12/3/2020,Oceania,12,0,30755,942,129,1,289,1
12/4/2020,Oceania,18,0,30773,942,130,1,287,1
12/5/2020,Oceania,9,0,30782,942,133,1,272,1
12/6/2020,Oceania,8,0,30790,942,125,0,265,1
12/7/2020,Oceania,21,0,30811,942,118,0,250,1
12/8/2020,Oceania,22,0,30833,942,115,0,250,1
12/9/2020,Oceania,7,0,30840,942,97,0,229,1
12/10/2020,Oceania,15,0,30855,942,100,0,229,1
12/11/2020,Oceania,50,1,30905,943,132,1,262,2
12/12/2020,Oceania,9,0,30914,943,132,1,265,2
12/13/2020,Oceania,14,0,30928,943,138,1,263,1
12/14/2020,Oceania,11,0,30939,943,128,1,246,1
12/15/2020,Oceania,20,0,30959,943,126,1,241,1
12/16/2020,Oceania,12,0,30971,943,131,1,228,1
12/17/2020,Oceania,62,0,31033,943,178,1,278,1
12/18/2020,Oceania,33,0,31066,943,161,0,293,1
12/19/2020,Oceania,48,0,31114,943,200,0,332,1
12/20/2020,Oceania,35,0,31149,943,221,0,359,1
12/21/2020,Oceania,22,1,31171,944,232,1,360,2
12/22/2020,Oceania,25,0,31196,944,237,1,363,2
12/23/2020,Oceania,25,0,31221,944,250,1,381,2
12/24/2020,Oceania,31,0,31252,944,219,1,397,2
12/25/2020,Oceania,23,0,31275,944,209,1,370,1
12/26/2020,Oceania,27,0,31302,944,188,1,388,1
12/27/2020,Oceania,29,1,31331,945,182,2,403,2
12/28/2020,Oceania,19,0,31350,945,179,1,411,2
12/29/2020,Oceania,35,0,31385,945,189,1,426,2
12/30/2020,Oceania,35,0,31420,945,199,1,449,2
12/31/2020,Oceania,20,0,31440,945,188,1,407,2
7/1/2020,South America,62588,1600,2291011,86970,369819,10967,706350,22042
7/2/2020,South America,63759,1946,2354770,88916,376648,11121,732691,22100
7/3/2020,South America,58420,1902,2413190,90818,371415,11413,719650,22129
7/4/2020,South America,54039,1759,2467229,92577,369529,11379,724988,22340
7/5/2020,South America,41675,1115,2508904,93692,365806,11282,735137,22242
7/6/2020,South America,33971,1186,2542875,94878,361826,11242,732902,22393
7/7/2020,South America,60799,1806,2603674,96684,375251,11314,740365,22434
7/8/2020,South America,59862,1814,2663536,98498,372525,11528,742344,22495
7/9/2020,South America,60874,1816,2724410,100314,369640,11398,746288,22519
7/10/2020,South America,64296,1871,2788706,102185,375516,11367,746931,22780
7/11/2020,South America,57449,1732,2846155,103917,378926,11340,748455,22719
7/12/2020,South America,40999,1215,2887154,105132,378250,11440,744056,22722
7/13/2020,South America,35600,1250,2922754,106382,379879,11504,741705,22746
7/14/2020,South America,59865,1857,2982619,108239,378945,11555,754196,22869
7/15/2020,South America,57732,1886,3040351,110125,376815,11627,749340,23155
7/16/2020,South America,67035,2000,3107386,112125,382976,11811,752616,23209
7/17/2020,South America,57853,2842,3165239,114967,376533,12782,752049,24149
7/18/2020,South America,50195,1583,3215434,116550,369279,12633,748205,23973
7/19/2020,South America,43134,1304,3258568,117854,371414,12722,749664,24162
7/20/2020,South America,39740,1343,3298308,119197,375554,12815,755433,24319
7/21/2020,South America,63003,2069,3361311,121266,378692,13027,757637,24582
7/22/2020,South America,90682,1935,3451993,123201,411642,13076,788457,24703
7/23/2020,South America,83589,5850,3535582,129051,428196,16926,811172,28737
7/24/2020,South America,78925,1916,3614507,130967,449268,16000,825801,28782
7/25/2020,South America,69177,1804,3683684,132771,468250,16221,837529,28854
7/26/2020,South America,41691,1010,3725375,133781,466807,15927,838221,28649
7/27/2020,South America,55109,1725,3780484,135506,482176,16309,857730,29124
7/28/2020,South America,67227,1717,3847711,137223,486400,15957,865092,28984
7/29/2020,South America,93856,2461,3941567,139684,489574,16483,901216,29559
7/30/2020,South America,80068,1860,4021635,141544,486053,12493,914249,29419
7/31/2020,South America,80202,2030,4101837,143574,487330,12607,936598,28607
8/1/2020,South America,67335,1571,4169172,145145,485488,12374,953738,28595
8/2/2020,South America,68500,1678,4237672,146823,512297,13042,979104,28969
8/3/2020,South America,40855,1504,4278527,148327,498043,12821,980219,29130
8/4/2020,South America,77152,1998,4355679,150325,507968,13102,994368,29059
8/5/2020,South America,88371,2255,4444050,152580,502483,12896,992057,29379
8/6/2020,South America,86714,2114,4530764,154694,509129,13150,995182,25643
8/7/2020,South America,81859,1932,4612623,156626,510786,13052,998116,25659
8/8/2020,South America,71856,1452,4684479,158078,515307,12933,1000795,25307
8/9/2020,South America,57485,1516,4741964,159594,504292,12771,1016589,25813
8/10/2020,South America,49965,1535,4791929,161129,513402,12802,1011445,25623
8/11/2020,South America,84255,2189,4876184,163318,520505,12993,1028473,26095
8/12/2020,South America,81498,1888,4957682,165206,513632,12626,1016115,25522
8/13/2020,South America,94021,2125,5051703,167331,520939,12637,1030068,25787
8/14/2020,South America,92442,5851,5144145,173182,531522,16556,1042308,29608
8/15/2020,South America,65829,1321,5209974,174503,525495,16425,1040802,29358
8/16/2020,South America,55470,1331,5265444,175834,523480,16240,1027772,29011
8/17/2020,South America,46514,1432,5311958,177266,520029,16137,1033431,28939
8/18/2020,South America,78533,2170,5390491,179436,514307,16118,1034812,29111
8/19/2020,South America,83446,2177,5473937,181613,516255,16407,1029887,29033
8/20/2020,South America,79585,2007,5553522,183620,501819,16289,1022758,28926
8/21/2020,South America,61345,2034,5614867,185654,470722,12472,1002244,29028
8/22/2020,South America,82637,1813,5697504,187467,487530,12964,1013025,29389
8/23/2020,South America,50277,1367,5747781,188834,482337,13000,1005817,29240
8/24/2020,South America,50100,1621,5797881,190455,485923,13189,1005952,29326
8/25/2020,South America,76997,2089,5874878,192544,484387,13108,998694,29226
8/26/2020,South America,80296,2005,5955174,194549,481237,12936,997492,29343
8/27/2020,South America,75004,1839,6030178,196388,476656,12768,978475,29057
8/28/2020,South America,77981,1702,6108159,198090,493292,12436,964014,24908
8/29/2020,South America,73475,1530,6181634,199620,484130,12153,971660,25117
8/30/2020,South America,45833,1236,6227467,200856,479686,12022,962023,25022
8/31/2020,South America,74216,1373,6301683,202229,503802,11774,989725,24963
9/1/2020,South America,71438,2169,6373121,204398,498243,11854,982630,24962
9/2/2020,South America,77668,1992,6450789,206390,495615,11841,976852,24777
9/3/2020,South America,69480,1565,6520269,207955,490091,11567,966747,24335
9/4/2020,South America,87779,1948,6608048,209903,499889,11813,993181,24249
9/5/2020,South America,62266,1421,6670314,211324,488680,11704,972810,23857
9/6/2020,South America,40814,1037,6711128,212361,483661,11505,963347,23527
9/7/2020,South America,27784,6531,6738912,218892,437229,16663,941031,28437
9/8/2020,South America,40410,1267,6779322,220159,406201,15761,904444,27615
9/9/2020,South America,66107,1874,6845429,222033,394640,15643,890255,27484
9/10/2020,South America,72175,1762,6917604,223795,397335,15840,887426,27407
9/11/2020,South America,76099,1701,6993703,225496,385655,15593,885544,27406
9/12/2020,South America,64323,1420,7058026,226916,387712,15592,876392,27296
9/13/2020,South America,43850,911,7101876,227827,390748,15466,874409,26971
9/14/2020,South America,41897,1237,7143773,229064,404861,10172,842090,26835
9/15/2020,South America,64463,1709,7208236,230773,428914,10614,835115,26375
9/16/2020,South America,66234,1661,7274470,232434,429041,10401,823681,26044
9/17/2020,South America,67771,1664,7342241,234098,424637,10303,821972,26143
9/18/2020,South America,70160,1300,7412401,235398,418698,9902,804353,25495
9/19/2020,South America,62092,1561,7474493,236959,416467,10043,804179,25635
9/20/2020,South America,41896,972,7516389,237931,414513,10104,805261,25570
9/21/2020,South America,37065,1075,7553454,239006,409681,9942,814542,20114
9/22/2020,South America,56546,1439,7610000,240445,401764,9672,830678,20286
9/23/2020,South America,33032,1115,7643032,241560,368562,9126,797603,19527
9/24/2020,South America,97989,2621,7741021,244181,398780,10083,823417,20386
9/25/2020,South America,70285,1841,7811306,246022,398905,10624,817603,20526
9/26/2020,South America,52759,1557,7864065,247579,389572,10620,806039,20663
9/27/2020,South America,40306,953,7904371,248532,387982,10601,802495,20705
9/28/2020,South America,39182,1079,7943553,249611,390099,10605,799780,20547
9/29/2020,South America,59230,1641,8002783,251252,392783,10807,794547,20479
9/30/2020,South America,61646,1809,8064429,253061,421397,11501,789959,20627
10/1/2020,South America,64592,4561,8129021,257622,388000,13441,786780,23524
10/2/2020,South America,29400,767,8158421,258389,347115,12367,746020,22991
10/3/2020,South America,85444,1948,8243865,260337,379800,12758,769372,23378
10/4/2020,South America,27402,904,8271267,261241,366896,12709,754878,23310
10/5/2020,South America,40344,1184,8311611,262425,368058,12814,758157,23419
10/6/2020,South America,70408,1553,8382019,263978,379236,12726,772019,23533
10/7/2020,South America,63196,1505,8445215,265483,380786,12422,802183,23923
10/8/2020,South America,59363,1852,8504578,267335,375557,9713,763557,23154
10/9/2020,South America,58133,1763,8562711,269098,404290,10709,751405,23076
10/10/2020,South America,59668,1331,8622379,270429,378514,10092,758314,22850
10/11/2020,South America,38097,917,8660476,271346,389209,10105,756105,22814
10/12/2020,South America,30751,853,8691227,272199,379616,9774,747674,22588
10/13/2020,South America,35443,995,8726670,273194,344651,9216,723887,21942
10/14/2020,South America,51799,1365,8778469,274559,333254,9076,714040,21498
10/15/2020,South America,62073,1561,8840542,276120,335964,8785,711521,18498
10/16/2020,South America,60347,1492,8900889,277612,338178,8514,742468,19223
10/17/2020,South America,51153,1226,8952042,278838,329663,8409,708177,18501
10/18/2020,South America,24696,472,8976738,279310,316262,7964,705471,18069
10/19/2020,South America,51373,1230,9028111,280540,336884,8341,716500,18115
10/20/2020,South America,53767,1374,9081878,281914,355208,8720,699859,17936
10/21/2020,South America,58044,1358,9139922,283272,361453,8713,694707,17789
10/22/2020,South America,59308,1382,9199230,284654,358688,8534,694652,17319
10/23/2020,South America,59251,1242,9258481,285896,357592,8284,695770,16798
10/24/2020,South America,55404,1056,9313885,286952,361843,8114,691506,16523
10/25/2020,South America,41186,886,9355071,287838,378333,8528,694595,16492
10/26/2020,South America,39813,984,9394884,288822,366773,8282,703657,16623
10/27/2020,South America,57120,1313,9452004,290135,370126,8221,725334,16941
10/28/2020,South America,57403,1168,9509407,291303,369485,8031,730938,16744
10/29/2020,South America,57324,1247,9566731,292550,367501,7896,726189,16430
10/30/2020,South America,51811,1194,9618542,293744,360061,7848,717653,16132
10/31/2020,South America,46243,964,9664785,294708,350900,7756,712743,15870
11/1/2020,South America,31791,674,9696576,295382,341505,7544,719838,16072
11/2/2020,South America,30565,892,9727141,296274,332257,7452,699030,15734
11/3/2020,South America,32714,916,9759855,297190,307851,7055,677977,15276
11/4/2020,South America,56035,1493,9815890,298683,306483,7380,675968,15411
11/5/2020,South America,27054,614,9842944,299297,276213,6747,643714,14643
11/6/2020,South America,66587,1580,9909531,300877,290989,7133,651050,14981
11/7/2020,South America,45519,833,9955050,301710,290265,7002,641165,14758
11/8/2020,South America,29823,652,9984873,302362,288297,6980,629802,14524
11/9/2020,South America,29186,897,10014059,303259,286918,6985,619175,14437
11/10/2020,South America,45924,725,10059983,303984,300128,6794,607979,13849
11/11/2020,South America,74428,1273,10134411,305257,318521,6574,625004,13954
11/12/2020,South America,60059,1497,10194470,306754,351526,7457,627739,14204
11/13/2020,South America,55975,1030,10250445,307784,340914,6907,631903,14040
11/14/2020,South America,62151,1464,10312596,309248,357546,7538,647811,14540
11/15/2020,South America,32500,626,10345096,309874,360223,7512,648520,14492
11/16/2020,South America,32722,837,10377818,310711,363759,7452,650677,14437
11/17/2020,South America,55811,1315,10433629,312026,373646,8042,673774,14836
11/18/2020,South America,56349,1290,10489978,313316,355567,8059,674088,14633
11/19/2020,South America,57455,1099,10547433,314415,352963,7661,704489,15118
11/20/2020,South America,63259,1202,10610692,315617,360247,7833,701161,14740
11/21/2020,South America,55035,849,10665727,316466,353131,7218,710677,14756
11/22/2020,South America,34238,590,10699965,317056,354869,7182,715092,14694
11/23/2020,South America,31410,743,10731375,317799,353557,7088,717316,14540
11/24/2020,South America,49597,1278,10780972,319077,347343,7051,720989,15093
11/25/2020,South America,70274,1218,10851246,320295,361268,6979,716835,15038
11/26/2020,South America,59953,1228,10911199,321523,363766,7108,716729,14769
11/27/2020,South America,60440,1193,10971639,322716,360947,7099,721194,14932
11/28/2020,South America,75483,1053,11047122,323769,381395,7303,734526,14521
11/29/2020,South America,44850,755,11091972,324524,392007,7468,746876,14650
11/30/2020,South America,38304,841,11130276,325365,398901,7566,752458,14654
12/1/2020,South America,71691,1192,11201967,326557,420995,7480,768338,14531
12/2/2020,South America,70791,1205,11272758,327762,421512,7467,782780,14446
12/3/2020,South America,75261,1360,11348019,329122,436820,7599,800586,14707
12/4/2020,South America,67234,1212,11415253,330334,443614,7618,804561,14717
12/5/2020,South America,65732,1192,11480985,331526,433863,7757,815258,15060
12/6/2020,South America,44050,749,11525035,332275,433063,7751,825070,15219
12/7/2020,South America,34394,789,11559429,333064,429153,7699,828054,15265
12/8/2020,South America,65780,1184,11625209,334248,423242,7691,844237,15171
12/9/2020,South America,72452,1378,11697661,335626,424903,7864,846415,15331
12/10/2020,South America,75453,1398,11773114,337024,425095,7902,861915,15501
12/11/2020,South America,74752,1072,11847866,338096,432613,7762,876227,15380
12/12/2020,South America,63702,1087,11911568,339183,430583,7657,864446,15414
12/13/2020,South America,38789,632,11950357,339815,425322,7540,858385,15291
12/14/2020,South America,46533,1062,11996890,340877,437461,7813,866614,15512
12/15/2020,South America,65129,1434,12062019,342311,436810,8063,860052,15754
12/16/2020,South America,94006,1367,12156025,343678,458364,8052,883267,15916
12/17/2020,South America,97694,1685,12253719,345363,480605,8339,905700,16241
12/18/2020,South America,78625,1276,12332344,346639,484478,8543,917091,16305
12/19/2020,South America,75655,1137,12407999,347776,496431,8593,927014,16250
12/20/2020,South America,51422,920,12459421,348696,509064,8881,934386,16421
12/21/2020,South America,47983,1056,12507404,349752,510514,8875,947975,16688
12/22/2020,South America,80634,1598,12588038,351350,526019,9039,962829,17102
12/23/2020,South America,76482,1379,12664520,352729,508495,9051,966859,17103
12/24/2020,South America,80599,1170,12745119,353899,491400,8536,972005,16875
12/25/2020,South America,58441,1031,12803560,354930,471216,8291,955694,16834
12/26/2020,South America,37537,779,12841097,355709,433098,7933,929529,16526
12/27/2020,South America,36568,795,12877665,356504,418244,7808,927308,16689
12/28/2020,South America,44152,989,12921817,357493,414413,7741,924927,16616
12/29/2020,South America,88184,1668,13010001,359161,421963,7811,947982,16850
12/30/2020,South America,87977,1757,13097978,360918,433458,8189,941953,17240
12/31/2020,South America,96181,1733,13194159,362651,449040,8752,940440,17288
