date,location,new_cases,new_deaths,total_cases,total_deaths,weekly_cases,weekly_deaths,biweekly_cases,biweekly_deaths
1/1/2021,Africa,27708,658,2788167,66126,163509,4171,318520,7816
1/2/2021,Africa,22919,515,2811086,66641,165047,4267,320179,7882
1/3/2021,Africa,21990,605,2833076,67246,168362,4440,323743,8147
1/4/2021,Africa,21792,685,2854868,67931,174943,4580,328754,8403
1/5/2021,Africa,26847,820,2881715,68751,181662,4683,335615,8694
1/6/2021,Africa,35792,1110,2917507,69861,186837,5092,345678,8984
1/7/2021,Africa,35402,689,2952909,70550,192450,5082,354036,9119
1/8/2021,Africa,36473,910,2989382,71460,201215,5334,364724,9505
1/9/2021,Africa,35099,657,3024481,72117,213395,5476,378442,9743
1/10/2021,Africa,31607,594,3056088,72711,223012,5465,391374,9905
1/11/2021,Africa,28033,681,3084121,73392,229253,5461,404196,10041
1/12/2021,Africa,26128,1076,3110249,74468,228534,5717,410196,10400
1/13/2021,Africa,33997,1220,3144246,75688,226739,5827,413576,10919
1/14/2021,Africa,34228,1053,3178474,76741,225565,6191,418015,11273
1/15/2021,Africa,31575,905,3210049,77646,220667,6186,421882,11520
1/16/2021,Africa,27568,663,3237617,78309,213136,6192,426531,11668
1/17/2021,Africa,26569,598,3264186,78907,208098,6196,431110,11661
1/18/2021,Africa,22476,725,3286662,79632,202541,6240,431794,11701
1/19/2021,Africa,23410,1202,3310072,80834,199823,6366,428357,12083
1/20/2021,Africa,28337,922,3338409,81756,194163,6068,420902,11895
1/21/2021,Africa,27865,1025,3366274,82781,187800,6040,413365,12231
1/22/2021,Africa,26179,974,3392453,83755,182404,6109,403071,12295
1/23/2021,Africa,27308,782,3419761,84537,182144,6228,395280,12420
1/24/2021,Africa,20120,647,3439881,85184,175695,6277,383793,12473
1/25/2021,Africa,16695,771,3456576,85955,169914,6323,372455,12563
1/26/2021,Africa,18598,983,3475174,86938,165102,6104,364925,12470
1/27/2021,Africa,20827,1051,3496001,87989,157592,6233,351755,12301
1/28/2021,Africa,20780,996,3516781,88985,150507,6204,338307,12244
1/29/2021,Africa,19222,846,3536003,89831,143550,6076,325954,12185
1/30/2021,Africa,17862,615,3553865,90446,134104,5909,316248,12137
1/31/2021,Africa,15752,525,3569617,90971,129736,5787,305431,12064
2/1/2021,Africa,12711,509,3582328,91480,125752,5525,295666,11848
2/2/2021,Africa,14821,884,3597149,92364,121975,5426,287077,11530
2/3/2021,Africa,15462,709,3612611,93073,116610,5084,274202,11317
2/4/2021,Africa,16474,567,3629085,93640,112304,4655,262811,10859
2/5/2021,Africa,15907,547,3644992,94187,108989,4356,252539,10432
2/6/2021,Africa,13545,548,3658537,94735,104672,4289,238776,10198
2/7/2021,Africa,11724,357,3670261,95092,100644,4121,230380,9908
2/8/2021,Africa,11413,443,3681674,95535,99346,4055,225098,9580
2/9/2021,Africa,11351,699,3693025,96234,95876,3870,217851,9296
2/10/2021,Africa,13118,536,3706143,96770,93532,3697,210142,8781
2/11/2021,Africa,11870,495,3718013,97265,88928,3625,201232,8280
2/12/2021,Africa,13922,565,3731935,97830,86943,3643,195932,7999
2/13/2021,Africa,10914,352,3742849,98182,84312,3447,188984,7736
2/14/2021,Africa,10325,293,3753174,98475,82913,3383,183557,7504
2/15/2021,Africa,9893,471,3763067,98946,81393,3411,180739,7466
2/16/2021,Africa,10027,466,3773094,99412,80069,3178,175945,7048
2/17/2021,Africa,12317,402,3785411,99814,79268,3044,172800,6741
2/18/2021,Africa,13893,511,3799304,100325,81291,3060,170219,6685
2/19/2021,Africa,11019,384,3810323,100709,78388,2879,165331,6522
2/20/2021,Africa,9559,290,3819882,100999,77033,2817,161345,6264
2/21/2021,Africa,9520,337,3829402,101336,76228,2861,159141,6244
2/22/2021,Africa,9017,336,3838419,101672,75352,2726,156745,6137
2/23/2021,Africa,7740,470,3846159,102142,73065,2730,153134,5908
2/24/2021,Africa,10529,326,3856688,102468,71277,2654,150545,5698
2/25/2021,Africa,12271,357,3868959,102825,69655,2500,150946,5560
2/26/2021,Africa,11103,317,3880062,103142,69739,2433,148127,5312
2/27/2021,Africa,7831,339,3887893,103481,68011,2482,145044,5299
2/28/2021,Africa,9414,225,3897307,103706,67905,2370,144133,5231
3/1/2021,Africa,8833,315,3906140,104021,67721,2349,143073,5075
3/2/2021,Africa,7708,363,3913848,104384,67689,2242,140754,4972
3/3/2021,Africa,10908,278,3924756,104662,68068,2194,139345,4848
3/4/2021,Africa,12382,331,3937138,104993,68179,2168,137834,4668
3/5/2021,Africa,8569,227,3945707,105220,65645,2078,135384,4511
3/6/2021,Africa,9953,263,3955660,105483,67767,2002,135778,4484
3/7/2021,Africa,8395,230,3964055,105713,66748,2007,134653,4377
3/8/2021,Africa,9277,379,3973332,106092,67192,2071,134913,4420
3/9/2021,Africa,7829,289,3981161,106381,67313,1997,135002,4239
3/10/2021,Africa,10421,301,3991582,106682,66826,2020,134894,4214
3/11/2021,Africa,15331,324,4006913,107006,69775,2013,137954,4181
3/12/2021,Africa,9824,227,4016737,107233,71030,2013,136675,4091
3/13/2021,Africa,10309,294,4027046,107527,71386,2044,139153,4046
3/14/2021,Africa,8662,251,4035708,107778,71653,2065,138401,4072
3/15/2021,Africa,8412,309,4044120,108087,70788,1995,137980,4066
3/16/2021,Africa,8983,307,4053103,108394,71942,2013,139255,4010
3/17/2021,Africa,11121,277,4064224,108671,72642,1989,139468,4009
3/18/2021,Africa,11332,261,4075556,108932,68643,1926,138418,3939
3/19/2021,Africa,12661,545,4088217,109477,71480,2244,142510,4257
3/20/2021,Africa,9204,197,4097421,109674,70375,2147,141761,4191
3/21/2021,Africa,9094,229,4106515,109903,70807,2125,142460,4190
3/22/2021,Africa,9587,260,4116102,110163,71982,2076,142770,4071
3/23/2021,Africa,8586,322,4124688,110485,71585,2091,143527,4104
3/24/2021,Africa,10895,322,4135583,110807,71359,2136,144001,4125
3/25/2021,Africa,12490,386,4148073,111193,72517,2261,141160,4187
3/26/2021,Africa,18544,344,4166617,111537,78400,2060,149880,4304
3/27/2021,Africa,9475,193,4176092,111730,78671,2056,149046,4203
3/28/2021,Africa,9000,183,4185092,111913,78577,2010,149384,4135
3/29/2021,Africa,9707,312,4194799,112225,78697,2062,150679,4138
3/30/2021,Africa,9762,277,4204561,112502,79873,2017,151458,4108
3/31/2021,Africa,12752,257,4217313,112759,81730,1952,153089,4088
4/1/2021,Africa,22144,407,4239457,113166,91384,1973,163901,4234
4/2/2021,Africa,13178,247,4252635,113413,86018,1876,164418,3936
4/3/2021,Africa,8781,168,4261416,113581,85324,1851,163995,3907
4/4/2021,Africa,9503,272,4270919,113853,85827,1940,164404,3950
4/5/2021,Africa,9254,230,4280173,114083,85374,1858,164071,3920
4/6/2021,Africa,9576,236,4289749,114319,85188,1817,165061,3834
4/7/2021,Africa,11674,267,4301423,114586,84110,1827,165840,3779
4/8/2021,Africa,16829,351,4318252,114937,78795,1771,170179,3744
4/9/2021,Africa,12541,262,4330793,115199,78158,1786,164176,3662
4/10/2021,Africa,9721,223,4340514,115422,79098,1841,164422,3692
4/11/2021,Africa,9684,288,4350198,115710,79279,1857,165106,3797
4/12/2021,Africa,10189,264,4360387,115974,80214,1891,165588,3749
4/13/2021,Africa,9910,404,4370297,116378,80548,2059,165736,3876
4/14/2021,Africa,13920,368,4384217,116746,82794,2160,166904,3987
4/15/2021,Africa,12707,313,4396924,117059,78672,2122,157467,3893
4/16/2021,Africa,12029,307,4408953,117366,78160,2167,156318,3953
4/17/2021,Africa,13363,280,4422316,117646,81802,2224,160900,4065
4/18/2021,Africa,9324,252,4431640,117898,81442,2188,160721,4045
4/19/2021,Africa,8753,299,4440393,118197,80006,2223,160220,4114
4/20/2021,Africa,10111,411,4450504,118608,80207,2230,160755,4289
4/21/2021,Africa,11867,311,4462371,118919,78154,2173,160948,4333
4/22/2021,Africa,12579,308,4474950,119227,78026,2168,156698,4290
4/23/2021,Africa,12104,377,4487054,119604,78101,2238,156261,4405
4/24/2021,Africa,10153,237,4497207,119841,74891,2195,156693,4419
4/25/2021,Africa,9537,291,4506744,120132,75104,2234,156546,4422
4/26/2021,Africa,6797,295,4513541,120427,73148,2230,153154,4453
4/27/2021,Africa,9516,366,4523057,120793,72553,2185,152760,4415
4/28/2021,Africa,9524,340,4532581,121133,70210,2214,148364,4387
4/29/2021,Africa,15599,396,4548180,121529,73230,2302,151256,4470
4/30/2021,Africa,9519,255,4557699,121784,70645,2180,148746,4418
5/1/2021,Africa,7849,284,4565548,122068,68341,2227,143232,4422
5/2/2021,Africa,6049,229,4571597,122297,64853,2165,139957,4399
5/3/2021,Africa,7255,257,4578852,122554,65311,2127,138459,4357
5/4/2021,Africa,7181,335,4586033,122889,62976,2096,135529,4281
5/5/2021,Africa,9276,344,4595309,123233,62728,2100,132938,4314
5/6/2021,Africa,12790,383,4608099,123616,59919,2087,133149,4389
5/7/2021,Africa,8898,289,4616997,123905,59298,2121,129943,4301
5/8/2021,Africa,6007,232,4623004,124137,57456,2069,125797,4296
5/9/2021,Africa,9502,257,4632506,124394,60909,2097,125762,4262
5/10/2021,Africa,8543,351,4641049,124745,62197,2191,127508,4318
5/11/2021,Africa,7067,314,4648116,125059,62083,2170,125059,4266
5/12/2021,Africa,8863,304,4656979,125363,61670,2130,124398,4230
5/13/2021,Africa,9443,234,4666422,125597,58323,1981,118242,4068
5/14/2021,Africa,8001,251,4674423,125848,57426,1943,116724,4064
5/15/2021,Africa,6802,240,4681225,126088,58221,1951,115677,4020
5/16/2021,Africa,6934,223,4688159,126311,55653,1917,116562,4014
5/17/2021,Africa,7833,261,4695992,126572,54943,1827,117140,4018
5/18/2021,Africa,10533,317,4706525,126889,58409,1830,120492,4000
5/19/2021,Africa,9971,355,4716496,127244,59517,1881,121187,4011
5/20/2021,Africa,11393,370,4727889,127614,61467,2017,119790,3998
5/21/2021,Africa,10067,369,4737956,127983,63533,2135,120959,4078
5/22/2021,Africa,9853,209,4747809,128192,66584,2104,124805,4055
5/23/2021,Africa,8139,201,4755948,128393,67789,2082,123442,3999
5/24/2021,Africa,9260,284,4765208,128677,69216,2105,124159,3932
5/25/2021,Africa,5825,279,4771033,128956,64508,2067,122917,3897
5/26/2021,Africa,14071,303,4785104,129259,68608,2015,128125,3896
5/27/2021,Africa,11871,292,4796975,129551,69086,1937,130553,3954
5/28/2021,Africa,12340,300,4809315,129851,71359,1868,134892,4003
5/29/2021,Africa,11710,253,4821025,130104,73216,1912,139800,4016
5/30/2021,Africa,5866,200,4826891,130304,70943,1911,138732,3993
5/31/2021,Africa,13569,332,4840460,130636,75252,1959,144468,4064
1/1/2021,Asia,76089,1347,20771126,338759,524088,9013,1141198,18889
1/2/2021,Asia,89867,1352,20860993,340111,538160,9144,1134998,18845
1/3/2021,Asia,69533,1061,20930526,341172,536071,8876,1117223,18452
1/4/2021,Asia,73454,1110,21003980,342282,539504,8681,1111169,18117
1/5/2021,Asia,82482,1226,21086462,343508,540245,8468,1104166,17849
1/6/2021,Asia,87477,1070,21173939,344578,544177,8138,1101551,17496
1/7/2021,Asia,87620,1142,21261559,345720,566522,8308,1100501,17288
1/8/2021,Asia,67431,953,21328990,346673,557864,7914,1081952,16927
1/9/2021,Asia,104961,1305,21433951,347978,572958,7867,1111118,17011
1/10/2021,Asia,76478,933,21510429,348911,579903,7739,1115974,16615
1/11/2021,Asia,74376,997,21584805,349908,580825,7626,1120329,16307
1/12/2021,Asia,81981,1418,21666786,351326,580324,7818,1120569,16286
1/13/2021,Asia,86941,1326,21753727,352652,579788,8074,1123965,16212
1/14/2021,Asia,86556,1171,21840283,353823,578724,8103,1145246,16411
1/15/2021,Asia,82588,1204,21922871,355027,593881,8354,1151745,16268
1/16/2021,Asia,85733,1112,22008604,356139,574653,8161,1147611,16028
1/17/2021,Asia,75180,978,22083784,357117,573355,8206,1153258,15945
1/18/2021,Asia,64552,1072,22148336,358189,563531,8281,1144356,15907
1/19/2021,Asia,74752,1229,22223088,359418,556302,8092,1136626,15910
1/20/2021,Asia,81734,1244,22304822,360662,551095,8010,1130883,16084
1/21/2021,Asia,76339,1249,22381161,361911,540878,8088,1119602,16191
1/22/2021,Asia,75658,1050,22456819,362961,533948,7934,1127829,16288
1/23/2021,Asia,73180,1048,22529999,364009,521395,7870,1096048,16031
1/24/2021,Asia,66904,945,22596903,364954,513119,7837,1086474,16043
1/25/2021,Asia,59715,1123,22656618,366077,508282,7888,1071813,16169
1/26/2021,Asia,75215,1296,22731833,367373,508745,7955,1065047,16047
1/27/2021,Asia,79976,1270,22811809,368643,506987,7981,1058082,15991
1/28/2021,Asia,82912,1360,22894721,370003,513560,8092,1054438,16180
1/29/2021,Asia,76797,972,22971518,370975,514699,8014,1048647,15948
1/30/2021,Asia,74274,1274,23045792,372249,515793,8240,1037188,16110
1/31/2021,Asia,67489,995,23113281,373244,516378,8290,1029497,16127
2/1/2021,Asia,65867,985,23179148,374229,522530,8152,1030812,16040
2/2/2021,Asia,69287,1120,23248435,375349,516602,7976,1025347,15931
2/3/2021,Asia,76350,1001,23324785,376350,512976,7707,1019963,15688
2/4/2021,Asia,72857,1091,23397642,377441,502921,7438,1016481,15530
2/5/2021,Asia,68761,913,23466403,378354,494885,7379,1009584,15393
2/6/2021,Asia,69700,868,23536103,379222,490311,6973,1006104,15213
2/7/2021,Asia,66056,823,23602159,380045,488878,6801,1005256,15091
2/8/2021,Asia,59428,892,23661587,380937,482439,6708,1004969,14860
2/9/2021,Asia,68005,942,23729592,381879,481157,6530,997759,14506
2/10/2021,Asia,71053,974,23800645,382853,475860,6503,988836,14210
2/11/2021,Asia,64988,847,23865633,383700,467991,6259,970912,13697
2/12/2021,Asia,66795,884,23932428,384584,466025,6230,960910,13609
2/13/2021,Asia,63055,857,23995483,385441,459380,6219,949691,13192
2/14/2021,Asia,58675,743,24054158,386184,451999,6139,940877,12940
2/15/2021,Asia,59368,701,24113526,386885,451939,5948,934378,12656
2/16/2021,Asia,68749,923,24182275,387808,452683,5929,933840,12459
2/17/2021,Asia,69490,865,24251765,388673,451120,5820,926980,12323
2/18/2021,Asia,66719,886,24318484,389559,452851,5859,920842,12118
2/19/2021,Asia,67228,894,24385712,390453,453284,5869,919309,12099
2/20/2021,Asia,62703,909,24448415,391362,452932,5921,912312,12140
2/21/2021,Asia,67481,717,24515896,392079,461738,5895,913737,12034
2/22/2021,Asia,67249,754,24583145,392833,469619,5948,921558,11896
2/23/2021,Asia,73702,941,24656847,393774,474572,5966,927255,11895
2/24/2021,Asia,76427,1511,24733274,395285,481509,6612,932629,12432
2/25/2021,Asia,75983,951,24809257,396236,490773,6677,943624,12536
2/26/2021,Asia,74903,969,24884160,397205,498448,6752,951732,12621
2/27/2021,Asia,70034,785,24954194,397990,505779,6628,958711,12549
2/28/2021,Asia,67989,751,25022183,398741,506287,6662,968025,12557
3/1/2021,Asia,69008,742,25091191,399483,508046,6650,977665,12598
3/2/2021,Asia,76550,883,25167741,400366,510894,6592,985466,12558
3/3/2021,Asia,80712,828,25248453,401194,515179,5909,996688,12521
3/4/2021,Asia,81081,808,25329534,402002,520277,5766,1011050,12443
3/5/2021,Asia,81043,949,25410577,402951,526417,5746,1024865,12498
3/6/2021,Asia,76827,661,25487404,403612,533210,5622,1038989,12250
3/7/2021,Asia,78118,728,25565522,404340,543339,5599,1049626,12261
3/8/2021,Asia,79286,888,25644808,405228,553617,5745,1061663,12395
3/9/2021,Asia,83204,842,25728012,406070,560271,5704,1071165,12296
3/10/2021,Asia,89729,803,25817741,406873,569288,5679,1084467,11588
3/11/2021,Asia,91851,819,25909592,407692,580058,5690,1100335,11456
3/12/2021,Asia,93811,880,26003403,408572,592826,5621,1119243,11367
3/13/2021,Asia,88620,814,26092023,409386,604619,5774,1137829,11396
3/14/2021,Asia,90699,752,26182722,410138,617200,5798,1160539,11397
3/15/2021,Asia,93798,843,26276520,410981,631712,5753,1185329,11498
3/16/2021,Asia,102257,979,26378777,411960,650765,5890,1211036,11594
3/17/2021,Asia,115480,867,26494257,412827,676516,5954,1245804,11633
3/18/2021,Asia,120225,963,26614482,413790,704890,6098,1284948,11788
3/19/2021,Asia,121659,940,26736141,414730,732738,6158,1325564,11779
3/20/2021,Asia,119682,883,26855823,415613,763800,6227,1368419,12001
3/21/2021,Asia,125343,889,26981166,416502,798444,6364,1415644,12162
3/22/2021,Asia,120637,1058,27101803,417560,825283,6579,1456995,12332
3/23/2021,Asia,134284,1076,27236087,418636,857310,6676,1508075,12566
3/24/2021,Asia,146664,1123,27382751,419759,888494,6932,1565010,12886
3/25/2021,Asia,154999,1118,27537750,420877,923268,7087,1628158,13185
3/26/2021,Asia,156385,1111,27694135,421988,957994,7258,1690732,13416
3/27/2021,Asia,152603,1172,27846738,423160,990915,7547,1754715,13774
3/28/2021,Asia,163000,1058,28009738,424218,1028572,7716,1827016,14080
3/29/2021,Asia,152823,1148,28162561,425366,1060758,7806,1886041,14385
3/30/2021,Asia,161222,1262,28323783,426628,1087696,7992,1945006,14668
3/31/2021,Asia,183350,1466,28507133,428094,1124382,8335,2012876,15267
4/1/2021,Asia,198134,1426,28705267,429520,1167517,8643,2090785,15730
4/2/2021,Asia,210422,1607,28915689,431127,1221554,9139,2179548,16397
4/3/2021,Asia,208717,1499,29124406,432626,1277668,9466,2268583,17013
4/4/2021,Asia,224608,1672,29349014,434298,1339276,10080,2367848,17796
4/5/2021,Asia,209594,1496,29558608,435794,1396047,10428,2456805,18234
4/6/2021,Asia,245560,2089,29804168,437883,1480385,11255,2568081,19247
4/7/2021,Asia,268501,2009,30072669,439892,1565536,11798,2689918,20133
4/8/2021,Asia,280475,2014,30353144,441906,1647877,12386,2815394,21029
4/9/2021,Asia,293168,2228,30646312,444134,1730623,13007,2952177,22146
4/10/2021,Asia,288819,2135,30935131,446269,1810725,13643,3088393,23109
4/11/2021,Asia,305815,2155,31240946,448424,1891932,14126,3231208,24206
4/12/2021,Asia,303146,2312,31544092,450736,1985484,14942,3381531,25370
4/13/2021,Asia,332794,2426,31876886,453162,2072718,15279,3553103,26534
4/14/2021,Asia,356853,2469,32233739,455631,2161070,15739,3726606,27537
4/15/2021,Asia,371608,2694,32605347,458325,2252203,16419,3900080,28805
4/16/2021,Asia,388702,2786,32994049,461111,2347737,16977,4078360,29984
4/17/2021,Asia,409782,2929,33403831,464040,2468700,17771,4279425,31414
4/18/2021,Asia,414773,3177,33818604,467217,2577658,18793,4469590,32919
4/19/2021,Asia,399773,3333,34218377,470550,2674285,19814,4659769,34756
4/20/2021,Asia,448580,3710,34666957,474260,2790071,21098,4862789,36377
4/21/2021,Asia,471579,3808,35138536,478068,2904797,22437,5065867,38176
4/22/2021,Asia,482745,3949,35621281,482017,3015934,23692,5268137,40111
4/23/2021,Asia,487239,4278,36108520,486295,3114471,25184,5462208,42161
4/24/2021,Asia,473441,4367,36581961,490662,3178130,26622,5646830,44393
4/25/2021,Asia,473074,4407,37055035,495069,3236431,27852,5814089,46645
4/26/2021,Asia,440992,4483,37496027,499552,3277650,29002,5951935,48816
4/27/2021,Asia,490007,5000,37986034,504552,3319077,30292,6109148,51390
4/28/2021,Asia,506677,5318,38492711,509870,3354175,31802,6258972,54239
4/29/2021,Asia,515222,5241,39007933,515111,3386652,33094,6402586,56786
4/30/2021,Asia,518375,5175,39526308,520286,3417788,33991,6532259,59175
5/1/2021,Asia,497276,5185,40023584,525471,3441623,34809,6619753,61431
5/2/2021,Asia,477375,4928,40500959,530399,3445924,35330,6682355,63182
5/3/2021,Asia,459541,5033,40960500,535432,3464473,35880,6742123,64882
5/4/2021,Asia,486940,5209,41447440,540641,3461406,36089,6780483,66381
5/5/2021,Asia,518012,5681,41965452,546322,3472741,36452,6826916,68254
5/6/2021,Asia,525129,5621,42490581,551943,3482648,36832,6869300,69926
5/7/2021,Asia,505096,5716,42995677,557659,3469369,37373,6887157,71364
5/8/2021,Asia,498748,5588,43494425,563247,3470841,37776,6912464,72585
5/9/2021,Asia,456108,5372,43950533,568619,3449574,38220,6895498,73550
5/10/2021,Asia,419111,5510,44369644,574129,3409144,38697,6873617,74577
5/11/2021,Asia,443402,5891,44813046,580020,3365606,39379,6827012,75468
5/12/2021,Asia,452792,5664,45265838,585684,3300386,39362,6773127,75814
5/13/2021,Asia,430299,5465,45696137,591149,3205556,39206,6688204,76038
5/14/2021,Asia,399330,5223,46095467,596372,3099790,38713,6569159,76086
5/15/2021,Asia,382776,5396,46478243,601768,2983818,38521,6454659,76297
5/16/2021,Asia,355902,5537,46834145,607305,2883612,38686,6333186,76906
5/17/2021,Asia,346918,5928,47181063,613233,2811419,39104,6220563,77801
5/18/2021,Asia,352440,6206,47533503,619439,2720457,39419,6086063,78798
5/19/2021,Asia,364239,5489,47897742,624928,2631904,39244,5932290,78606
5/20/2021,Asia,346662,5688,48244404,630616,2548267,39467,5753823,78673
5/21/2021,Asia,344451,5653,48588855,636269,2493388,39897,5593178,78610
5/22/2021,Asia,320609,5109,48909464,641378,2431221,39610,5415039,78131
5/23/2021,Asia,295916,5640,49205380,647018,2371235,39713,5254847,78399
5/24/2021,Asia,276661,4887,49482041,651905,2300978,38672,5112397,77776
5/25/2021,Asia,292393,5430,49774434,657335,2240931,37896,4961388,77315
5/26/2021,Asia,291468,5156,50065902,662491,2168160,37563,4800064,76807
5/27/2021,Asia,272957,4982,50338859,667473,2094455,36857,4642722,76324
5/28/2021,Asia,257555,4992,50596414,672465,2007559,36196,4500947,76093
5/29/2021,Asia,240317,4699,50836731,677164,1927267,35786,4358488,75396
5/30/2021,Asia,227684,4342,51064415,681506,1859035,34488,4230270,74201
5/31/2021,Asia,201450,4018,51265865,685524,1783824,33619,4084802,72291
1/1/2021,Europe,209555,3769,24016702,549256,1467953,31514,2942152,62894
1/2/2021,Europe,159491,2796,24176193,552052,1487694,31551,2899406,61361
1/3/2021,Europe,168042,2914,24344235,554966,1520326,31632,2897477,61291
1/4/2021,Europe,203764,4328,24547999,559294,1551465,31765,2914164,61458
1/5/2021,Europe,275691,6599,24823690,565893,1582497,31958,2953337,61910
1/6/2021,Europe,269592,5542,25093282,571435,1556083,31108,2974919,61744
1/7/2021,Europe,320755,5624,25414037,577059,1606890,31572,3045807,62828
1/8/2021,Europe,274846,6125,25688883,583184,1672181,33928,3140134,65442
1/9/2021,Europe,227717,4327,25916600,587511,1740407,35459,3228101,67010
1/10/2021,Europe,182934,3134,26099534,590645,1755299,35679,3275625,67311
1/11/2021,Europe,212771,4278,26312305,594923,1764306,35629,3315771,67394
1/12/2021,Europe,237197,6716,26549502,601639,1725812,35746,3308309,67704
1/13/2021,Europe,262816,6646,26812318,608285,1719036,36850,3275119,67958
1/14/2021,Europe,257236,6057,27069554,614342,1655517,37283,3262407,68855
1/15/2021,Europe,245856,5669,27315410,620011,1626527,36827,3298708,70755
1/16/2021,Europe,185204,4944,27500614,624955,1584014,37444,3324421,72903
1/17/2021,Europe,155921,3221,27656535,628176,1557001,37531,3312300,73210
1/18/2021,Europe,209320,3878,27865855,632054,1553550,37131,3317856,72760
1/19/2021,Europe,202598,7554,28068453,639608,1518951,37969,3244763,73715
1/20/2021,Europe,248228,7161,28316681,646769,1504363,38484,3223399,75334
1/21/2021,Europe,225089,6098,28541770,652867,1472216,38525,3127733,75808
1/22/2021,Europe,230014,6243,28771784,659110,1456374,39099,3082901,75926
1/23/2021,Europe,169427,4464,28941211,663574,1440597,38619,3024611,76063
1/24/2021,Europe,139630,3144,29080841,666718,1424306,38542,2981307,76073
1/25/2021,Europe,194468,4594,29275309,671312,1409454,39258,2963004,76389
1/26/2021,Europe,179078,6549,29454387,677861,1385934,38253,2904885,76222
1/27/2021,Europe,216411,6535,29670798,684396,1354117,37627,2858480,76111
1/28/2021,Europe,210481,6421,29881279,690817,1339509,37950,2811725,76475
1/29/2021,Europe,203998,5704,30085277,696521,1313493,37411,2769867,76510
1/30/2021,Europe,155901,4788,30241178,701309,1299967,37735,2740564,76354
1/31/2021,Europe,115693,2669,30356871,703978,1276030,37260,2700336,75802
2/1/2021,Europe,170705,4497,30527576,708475,1252267,37163,2661721,76421
2/2/2021,Europe,159485,6755,30687061,715230,1232674,37369,2618608,75622
2/3/2021,Europe,186316,5976,30873377,721206,1202579,36810,2556696,74437
2/4/2021,Europe,159317,4959,31032694,726165,1151415,35348,2490924,73298
2/5/2021,Europe,196844,5929,31229538,732094,1144261,35573,2457754,72984
2/6/2021,Europe,130722,3567,31360260,735661,1119082,34352,2419049,72087
2/7/2021,Europe,109040,2383,31469300,738044,1112429,34066,2388459,71326
2/8/2021,Europe,125972,3936,31595272,741980,1067696,33505,2319963,70668
2/9/2021,Europe,129190,5994,31724462,747974,1037401,32744,2270075,70113
2/10/2021,Europe,156265,5234,31880727,753208,1007350,32002,2209929,68812
2/11/2021,Europe,154852,4713,32035579,757921,1002885,31756,2154300,67104
2/12/2021,Europe,148303,4716,32183882,762637,954344,30543,2098605,66116
2/13/2021,Europe,121070,3145,32304952,765782,944692,30121,2063774,64473
2/14/2021,Europe,93956,2014,32398908,767796,929608,29752,2042037,63818
2/15/2021,Europe,102066,3013,32500974,770809,905702,28829,1973398,62334
2/16/2021,Europe,123071,4708,32624045,775517,899583,27543,1936984,60287
2/17/2021,Europe,148007,4685,32772052,780202,891325,26994,1898675,58996
2/18/2021,Europe,154514,3887,32926566,784089,890987,26168,1893872,57924
2/19/2021,Europe,155066,4128,33081632,788217,897750,25580,1852094,56123
2/20/2021,Europe,128859,2621,33210491,790838,905539,25056,1850231,55177
2/21/2021,Europe,111977,1836,33322468,792674,923560,24878,1853168,54630
2/22/2021,Europe,103446,2857,33425914,795531,924940,24722,1830642,53551
2/23/2021,Europe,134703,4146,33560617,799677,936572,24160,1836155,51703
2/24/2021,Europe,171962,3741,33732579,803418,960527,23216,1851852,50210
2/25/2021,Europe,170099,3149,33902678,806567,976112,22478,1867099,48646
2/26/2021,Europe,165531,3843,34068209,810410,986577,22193,1884327,47773
2/27/2021,Europe,145522,2608,34213731,813018,1003240,22180,1908779,47236
2/28/2021,Europe,118228,1792,34331959,814810,1009491,22136,1933051,47014
3/1/2021,Europe,101692,2750,34433651,817560,1007737,22029,1932677,46751
3/2/2021,Europe,68329,3725,34501980,821285,941363,21608,1877935,45768
3/3/2021,Europe,175427,4021,34677407,825306,944828,21888,1905355,45104
3/4/2021,Europe,175445,3341,34852852,828647,950174,22080,1926286,44558
3/5/2021,Europe,175256,3784,35028108,832431,959899,22021,1946476,44214
3/6/2021,Europe,155384,2454,35183492,834885,969761,21867,1973001,44047
3/7/2021,Europe,128502,1765,35311994,836650,980035,21840,1989526,43976
3/8/2021,Europe,101514,2786,35413508,839436,979857,21876,1987594,43905
3/9/2021,Europe,151742,3476,35565250,842912,1063270,21627,2004633,43235
3/10/2021,Europe,194070,3599,35759320,846511,1081913,21205,2026741,43093
3/11/2021,Europe,185777,3433,35945097,849944,1092245,21297,2042419,43377
3/12/2021,Europe,191773,3370,36136870,853314,1108762,20883,2068661,42904
3/13/2021,Europe,183640,2627,36320510,855941,1137018,21056,2106779,42923
3/14/2021,Europe,147095,2041,36467605,857982,1155611,21332,2135646,43172
3/15/2021,Europe,122172,2910,36589777,860892,1176269,21456,2156126,43332
3/16/2021,Europe,186319,3689,36776096,864581,1210846,21669,2274116,43296
3/17/2021,Europe,207595,3382,36983691,867963,1224371,21452,2306284,42657
3/18/2021,Europe,231578,3603,37215269,871566,1270172,21622,2362417,42919
3/19/2021,Europe,215710,3364,37430979,874930,1294109,21616,2402871,42499
3/20/2021,Europe,194385,2725,37625364,877655,1304854,21714,2441872,42770
3/21/2021,Europe,161266,2039,37786630,879694,1319025,21712,2474636,43044
3/22/2021,Europe,152047,3337,37938677,883031,1348900,22139,2525169,43595
3/23/2021,Europe,179728,3965,38118405,886996,1342309,22415,2553155,44084
3/24/2021,Europe,256192,3699,38374597,890695,1390906,22732,2615277,44184
3/25/2021,Europe,252982,4092,38627579,894787,1412310,23221,2682482,44843
3/26/2021,Europe,239119,4516,38866698,899303,1435719,24373,2729828,45989
3/27/2021,Europe,218498,2896,39085196,902199,1459832,24544,2764686,46258
3/28/2021,Europe,163075,2062,39248271,904261,1461641,24567,2780666,46279
3/29/2021,Europe,139257,2962,39387528,907223,1448851,24192,2797751,46331
3/30/2021,Europe,204845,3971,39592373,911194,1473968,24198,2816277,46613
3/31/2021,Europe,255985,4041,39848358,915235,1473761,24540,2864667,47272
4/1/2021,Europe,251149,3880,40099507,919115,1471928,24328,2884238,47549
4/2/2021,Europe,216832,3620,40316339,922735,1449641,23432,2885360,47805
4/3/2021,Europe,153012,3012,40469351,925747,1384155,23548,2843987,48092
4/4/2021,Europe,199224,2487,40668575,928234,1420304,23973,2881945,48540
4/5/2021,Europe,107614,2628,40776189,930862,1388661,23639,2837512,47831
4/6/2021,Europe,131033,3118,40907222,933980,1314849,22786,2788817,46984
4/7/2021,Europe,162184,4467,41069406,938447,1221048,23212,2694809,47752
4/8/2021,Europe,282881,4868,41352287,943315,1252780,24200,2724708,48528
4/9/2021,Europe,175476,4158,41527763,947473,1211424,24738,2661065,48170
4/10/2021,Europe,145711,3082,41673474,950555,1204123,24808,2588278,48356
4/11/2021,Europe,221257,2851,41894731,953406,1226156,25172,2646460,49145
4/12/2021,Europe,127172,3198,42021903,956604,1245714,25742,2634375,49381
4/13/2021,Europe,193193,4061,42215096,960665,1307874,26685,2622723,49471
4/14/2021,Europe,212385,4327,42427481,964992,1358075,26545,2579123,49757
4/15/2021,Europe,201003,3853,42628484,968845,1276197,25530,2528977,49730
4/16/2021,Europe,194718,3782,42823202,972627,1295439,25154,2506863,49892
4/17/2021,Europe,158080,2975,42981282,975602,1307808,25047,2511931,49855
4/18/2021,Europe,112683,2177,43093965,977779,1199234,24373,2425390,49545
4/19/2021,Europe,110364,3107,43204329,980886,1182426,24282,2428140,50024
4/20/2021,Europe,177235,3771,43381564,984657,1166468,23992,2474342,50677
4/21/2021,Europe,186878,3963,43568442,988620,1140961,23628,2499036,50173
4/22/2021,Europe,189894,3638,43758336,992258,1129852,23413,2406049,48943
4/23/2021,Europe,171796,3641,43930132,995899,1106930,23272,2402369,48426
4/24/2021,Europe,133725,2862,44063857,998761,1082575,23159,2390383,48206
4/25/2021,Europe,109116,1929,44172973,1000690,1079008,22911,2278242,47284
4/26/2021,Europe,90912,2816,44263885,1003506,1059556,22620,2241982,46902
4/27/2021,Europe,149875,3517,44413760,1007023,1032196,22366,2198664,46358
4/28/2021,Europe,161802,3508,44575562,1010531,1007120,21911,2148081,45539
4/29/2021,Europe,155986,3282,44731548,1013813,973212,21555,2103064,44968
4/30/2021,Europe,131930,2937,44863478,1016750,933346,20851,2040276,44123
5/1/2021,Europe,114638,2434,44978116,1019184,914259,20423,1996834,43582
5/2/2021,Europe,69658,1527,45047774,1020711,874801,20021,1953809,42932
5/3/2021,Europe,74865,2180,45122639,1022891,858754,19385,1918310,42005
5/4/2021,Europe,121559,2478,45244198,1025369,830438,18346,1862634,40712
5/5/2021,Europe,125074,2825,45369272,1028194,793710,17663,1800830,39574
5/6/2021,Europe,126528,2937,45495800,1031131,764252,17318,1737464,38873
5/7/2021,Europe,118314,2740,45614114,1033871,750636,17121,1683982,37972
5/8/2021,Europe,96615,2256,45710729,1036127,732613,16943,1646872,37366
5/9/2021,Europe,59796,1480,45770525,1037607,722751,16896,1597552,36917
5/10/2021,Europe,69099,2006,45839624,1039613,716985,16722,1575739,36107
5/11/2021,Europe,108217,2477,45947841,1042090,703643,16721,1534081,35067
5/12/2021,Europe,98176,2334,46046017,1044424,676745,16230,1470455,33893
5/13/2021,Europe,93044,2413,46139061,1046837,643261,15706,1407513,33024
5/14/2021,Europe,89157,2158,46228218,1048995,614104,15124,1364740,32245
5/15/2021,Europe,71059,1734,46298857,1050725,588548,14602,1321161,31545
5/16/2021,Europe,60538,1175,46359395,1051900,589290,14297,1312041,31193
5/17/2021,Europe,53683,1587,46413078,1053487,573874,13878,1290859,30600
5/18/2021,Europe,76855,2185,46489933,1055672,542512,13586,1246155,30307
5/19/2021,Europe,90089,2020,46580022,1057692,534425,13272,1211170,29502
5/20/2021,Europe,281181,1848,46298841,1059540,524282,12707,1167543,28413
5/21/2021,Europe,72852,1695,46371693,1061235,507977,12244,1122081,27368
5/22/2021,Europe,59287,1392,46430980,1062627,496205,11902,1084753,26504
5/23/2021,Europe,46083,960,46477063,1063587,481750,11687,1071040,25984
5/24/2021,Europe,41236,1022,46518299,1064609,469303,11122,1043177,25000
5/25/2021,Europe,50758,1980,46569057,1066589,443206,10917,985718,24503
5/26/2021,Europe,61394,1807,46630451,1068396,414511,10704,948936,23976
5/27/2021,Europe,66722,1554,46697173,1069950,398332,10410,922614,23117
5/28/2021,Europe,61890,1431,46759063,1071381,387370,10146,895347,22390
5/29/2021,Europe,49797,1143,46808860,1072524,377880,9897,874085,21799
5/30/2021,Europe,40709,792,46849569,1073316,372506,9729,854256,21416
5/31/2021,Europe,37606,1109,46887175,1074425,368876,9816,838179,20938
1/1/2021,North America,172063,2977,23242701,516028,1537146,24486,2990997,47978
1/2/2021,North America,314742,3020,23557443,519048,1613776,25284,3089753,47537
1/3/2021,North America,233490,1992,23790933,521040,1671117,25265,3116932,47312
1/4/2021,North America,209584,2997,24000517,524037,1686406,25540,3108590,47753
1/5/2021,North America,260733,5023,24261250,529060,1717458,25627,3145710,48231
1/6/2021,North America,286723,5365,24547973,534425,1741131,25980,3177649,49123
1/7/2021,North America,308689,5310,24856662,539735,1786024,26684,3265909,50415
1/8/2021,North America,327335,5451,25183997,545186,1941296,29158,3478442,53644
1/9/2021,North America,294487,4701,25478484,549887,1921041,30839,3534817,56123
1/10/2021,North America,236506,2697,25714990,552584,1924057,31544,3595174,56809
1/11/2021,North America,238432,3010,25953422,555594,1952905,31557,3639311,57097
1/12/2021,North America,257751,6104,26211173,561698,1949923,32638,3667381,58265
1/13/2021,North America,262761,5578,26473934,567276,1925961,32851,3667092,58831
1/14/2021,North America,267675,5280,26741609,572556,1884947,32821,3670971,59505
1/15/2021,North America,278127,5276,27019736,577832,1835739,32646,3777035,61804
1/16/2021,North America,236770,4858,27256506,582690,1778022,32803,3699063,63642
1/17/2021,North America,200947,2601,27457453,585291,1742463,32707,3666520,64251
1/18/2021,North America,164829,2353,27622282,587644,1668860,32050,3621765,63607
1/19/2021,North America,208665,4613,27830947,592257,1619774,30559,3569697,63197
1/20/2021,North America,216936,6274,28047883,598531,1573949,31255,3499910,64106
1/21/2021,North America,229757,6284,28277640,604815,1536031,32259,3420978,65080
1/22/2021,North America,224636,5595,28502276,610410,1482540,32578,3318279,65224
1/23/2021,North America,202470,5051,28704746,615461,1448240,32771,3226262,65574
1/24/2021,North America,151678,2632,28856424,618093,1398971,32802,3141434,65509
1/25/2021,North America,172079,2890,29028503,620983,1406221,33339,3075081,65389
1/26/2021,North America,175580,6024,29204083,627007,1373136,34750,2992910,65309
1/27/2021,North America,183222,5816,29387305,632823,1339422,34292,2913371,65547
1/28/2021,North America,198553,5882,29585858,638705,1308218,33890,2844249,66149
1/29/2021,North America,194873,5349,29780731,644054,1278455,33644,2760995,66222
1/30/2021,North America,168212,4529,29948943,648583,1244197,33122,2692437,65893
1/31/2021,North America,128041,2502,30076984,651085,1220560,32992,2619531,65794
2/1/2021,North America,149852,2859,30226836,653944,1198333,32961,2604554,66300
2/2/2021,North America,128713,4079,30355549,658023,1151466,31016,2524602,65766
2/3/2021,North America,144299,5875,30499848,663898,1112543,31075,2451965,65367
2/4/2021,North America,134423,3999,30634271,667897,1048413,29192,2356631,63082
2/5/2021,North America,171193,7003,30805464,674900,1024733,30846,2303188,64490
2/6/2021,North America,126229,4357,30931693,679257,982750,30674,2226947,63796
2/7/2021,North America,103092,2024,31034785,681281,957801,30196,2178361,63188
2/8/2021,North America,102955,2350,31137740,683631,910904,29687,2109237,62648
2/9/2021,North America,113759,5014,31251499,688645,895950,30622,2047416,61638
2/10/2021,North America,114998,4845,31366497,693490,866649,29592,1979192,60667
2/11/2021,North America,125565,4902,31492062,698392,857791,30495,1906204,59687
2/12/2021,North America,118031,4435,31610093,702827,804629,27927,1829362,58773
2/13/2021,North America,105637,3587,31715730,706414,784037,27157,1766787,57831
2/14/2021,North America,74647,1702,31790377,708116,755592,26835,1713393,57031
2/15/2021,North America,63569,1552,31853946,709668,716206,26037,1627110,55724
2/16/2021,North America,80493,3256,31934439,712924,682940,24279,1578890,54901
2/17/2021,North America,86390,3612,32020829,716536,654332,23046,1520981,52638
2/18/2021,North America,87694,3759,32108523,720295,616461,21903,1474252,52398
2/19/2021,North America,95171,3667,32203694,723962,593601,21135,1398230,49062
2/20/2021,North America,86505,2783,32290199,726745,574469,20331,1358506,47488
2/21/2021,North America,66843,1687,32357042,728432,566665,20316,1322257,47151
2/22/2021,North America,66175,1909,32423217,730341,569271,20673,1285477,46710
2/23/2021,North America,88487,3660,32511704,734001,577265,21077,1260205,45356
2/24/2021,North America,91130,4333,32602834,738334,582005,21798,1236337,44844
2/25/2021,North America,93272,3461,32696106,741795,587583,21500,1204044,43403
2/26/2021,North America,92299,2966,32788405,744761,584711,20799,1178312,41934
2/27/2021,North America,78739,2435,32867144,747196,576945,20451,1151414,40782
2/28/2021,North America,59649,1647,32926793,748843,569751,20411,1136416,40727
3/1/2021,North America,68191,2062,32994984,750905,571767,20564,1141038,41237
3/2/2021,North America,72300,3091,33067284,753996,555580,19995,1132845,41072
3/3/2021,North America,82119,3508,33149403,757504,546569,19170,1128574,40968
3/4/2021,North America,82613,2875,33232016,760379,535910,18584,1123493,40084
3/5/2021,North America,79886,2595,33311902,762974,523497,18213,1108208,39012
3/6/2021,North America,71409,2364,33383311,765338,516167,18142,1093112,38593
3/7/2021,North America,50097,1034,33433408,766372,506615,17529,1076366,37940
3/8/2021,North America,54287,1158,33487695,767530,492711,16625,1064478,37189
3/9/2021,North America,72927,2792,33560622,770322,493338,16326,1048918,36321
3/10/2021,North America,72156,2372,33632778,772694,483375,15190,1029944,34360
3/11/2021,North America,76685,2329,33709463,775023,477447,14644,1013357,33228
3/12/2021,North America,77162,2378,33786625,777401,474723,14427,998220,32640
3/13/2021,North America,65364,1714,33851989,779115,468678,13777,984845,31919
3/14/2021,North America,46419,860,33898408,779975,465000,13603,971615,31132
3/15/2021,North America,65049,1091,33963457,781066,475762,13536,968473,30161
3/16/2021,North America,63633,1463,34027090,782529,466468,12207,959806,28533
3/17/2021,North America,73501,2136,34100591,784665,467813,11971,951188,27161
3/18/2021,North America,74969,2455,34175560,787120,466097,12097,943544,26741
3/19/2021,North America,77308,1879,34252868,788999,466243,11598,940966,26025
3/20/2021,North America,68701,1441,34321569,790440,469580,11325,938258,25102
3/21/2021,North America,42237,718,34363806,791158,465398,11183,930398,24786
3/22/2021,North America,61074,1022,34424880,792180,461423,11114,937185,24650
3/23/2021,North America,68506,1791,34493386,793971,466296,11442,932764,23649
3/24/2021,North America,100760,2177,34594146,796148,493555,11483,961368,23454
3/25/2021,North America,82391,2082,34676537,798230,500977,11110,967074,23207
3/26/2021,North America,93350,1926,34769887,800156,517019,11157,983262,22755
3/27/2021,North America,75790,1436,34845677,801592,524108,11152,993688,22477
3/28/2021,North America,52034,771,34897711,802363,533905,11205,999303,22388
3/29/2021,North America,79343,999,34977054,803362,552174,11182,1013597,22296
3/30/2021,North America,74918,1789,35051972,805151,558586,11180,1024882,22622
3/31/2021,North America,84748,1786,35136720,806937,542574,10789,1036129,22272
4/1/2021,North America,94289,1625,35231009,808562,554472,10332,1055449,21442
4/2/2021,North America,79557,1205,35310566,809767,540679,9611,1057698,20768
4/3/2021,North America,74901,966,35385467,810733,539790,9141,1063898,20293
4/4/2021,North America,42509,490,35427976,811223,530265,8860,1064170,20065
4/5/2021,North America,89885,851,35517861,812074,540807,8712,1092981,19894
4/6/2021,North America,83885,1578,35601746,813652,549774,8501,1108360,19681
4/7/2021,North America,91564,3310,35693310,816962,556590,10025,1099164,20814
4/8/2021,North America,98353,1679,35791663,818641,560654,10079,1115126,20411
4/9/2021,North America,103924,1929,35895587,820570,585021,10803,1125700,20414
4/10/2021,North America,85051,2995,35980638,823565,595171,12832,1134961,21973
4/11/2021,North America,59692,520,36040330,824085,612354,12862,1142619,21722
4/12/2021,North America,84934,968,36125264,825053,607403,12979,1148210,21691
4/13/2021,North America,97918,1552,36223182,826605,621436,12953,1171210,21454
4/14/2021,North America,94929,1662,36318111,828267,624801,11305,1181391,21330
4/15/2021,North America,94745,1456,36412856,829723,621193,11082,1181847,21161
4/16/2021,North America,100101,1493,36512957,831216,617370,10646,1202391,21449
4/17/2021,North America,68457,1352,36581414,832568,600776,9003,1195947,21835
4/18/2021,North America,55153,546,36636567,833114,596237,9029,1208591,21891
4/19/2021,North America,84914,741,36721481,833855,596217,8802,1203620,21781
4/20/2021,North America,78712,1562,36800193,835417,577011,8812,1198447,21765
4/21/2021,North America,81271,1547,36881464,836964,563353,8697,1188154,20002
4/22/2021,North America,88624,1659,36970088,838623,557232,8900,1178425,19982
4/23/2021,North America,81637,1364,37051725,839987,538768,8771,1156138,19417
4/24/2021,North America,69804,1195,37121529,841182,540115,8614,1140891,17617
4/25/2021,North America,45062,510,37166591,841692,530024,8578,1126261,17607
4/26/2021,North America,62550,789,37229141,842481,507660,8626,1103877,17428
4/27/2021,North America,67049,1251,37296190,843732,495997,8315,1073008,17127
4/28/2021,North America,74410,1497,37370600,845229,489136,8265,1052489,16962
4/29/2021,North America,81146,1571,37451746,846800,481658,8177,1038890,17077
4/30/2021,North America,77742,1362,37529488,848162,477763,8175,1016531,16946
5/1/2021,North America,58460,1086,37587948,849248,466419,8066,1006534,16680
5/2/2021,North America,39014,491,37626962,849739,460371,8047,990395,16625
5/3/2021,North America,71990,836,37698952,850575,469811,8094,977471,16720
5/4/2021,North America,56481,1451,37755433,852026,459243,8294,955240,16609
5/5/2021,North America,63131,1228,37818564,853254,447964,8025,937100,16290
5/6/2021,North America,65359,1152,37883923,854406,432177,7606,913835,15783
5/7/2021,North America,66307,1442,37950230,855848,420742,7686,898505,15861
5/8/2021,North America,47411,1013,37997641,856861,409693,7613,876112,15679
5/9/2021,North America,31364,379,38029005,857240,402043,7501,862414,15548
5/10/2021,North America,55867,749,38084872,857989,385920,7414,855731,15508
5/11/2021,North America,48803,1188,38133675,859177,378242,7151,837485,15445
5/12/2021,North America,54844,1361,38188519,860538,369955,7284,817919,15309
5/13/2021,North America,54772,1280,38243291,861818,359368,7412,791545,15018
5/14/2021,North America,60795,1099,38304086,862917,353856,7069,774598,14755
5/15/2021,North America,42893,858,38346979,863775,349338,6914,759031,14527
5/16/2021,North America,26537,417,38373516,864192,344511,6952,746554,14453
5/17/2021,North America,45487,654,38419003,864846,334131,6857,720051,14271
5/18/2021,North America,42170,1240,38461173,866086,327498,6909,705740,14060
5/19/2021,North America,44661,930,38505834,867016,317315,6478,687270,13762
5/20/2021,North America,46958,1089,38552792,868105,309501,6287,668869,13699
5/21/2021,North America,44174,962,38596966,869067,292880,6150,646736,13219
5/22/2021,North America,30611,937,38627577,870004,280598,6229,629936,13143
5/23/2021,North America,21336,315,38648913,870319,275397,6127,619908,13079
5/24/2021,North America,37201,706,38686114,871025,267111,6179,601242,13036
5/25/2021,North America,37326,1034,38723440,872059,262267,5973,589765,12882
5/26/2021,North America,38004,1415,38761444,873474,255610,6458,572925,12936
5/27/2021,North America,43615,1950,38805059,875424,252267,7319,561768,13606
5/28/2021,North America,37036,1137,38842095,876561,245129,7494,538009,13644
5/29/2021,North America,22011,843,38864106,877404,236529,7400,517127,13629
5/30/2021,North America,14099,243,38878205,877647,229292,7328,504689,13455
5/31/2021,North America,19316,459,38897521,878106,211407,7081,478518,13260
1/1/2021,Oceania,35,0,31475,945,200,1,409,2
1/2/2021,Oceania,43,0,31518,945,216,1,404,2
1/3/2021,Oceania,39,0,31557,945,226,0,408,2
1/4/2021,Oceania,18,0,31575,945,225,0,404,1
1/5/2021,Oceania,23,0,31598,945,213,0,402,1
1/6/2021,Oceania,12,0,31610,945,190,0,389,1
1/7/2021,Oceania,25,0,31635,945,195,0,383,1
1/8/2021,Oceania,23,0,31658,945,183,0,383,1
1/9/2021,Oceania,44,0,31702,945,184,0,400,1
1/10/2021,Oceania,22,0,31724,945,167,0,393,0
1/11/2021,Oceania,28,0,31752,945,177,0,402,0
1/12/2021,Oceania,26,0,31778,945,180,0,393,0
1/13/2021,Oceania,20,0,31798,945,188,0,378,0
1/14/2021,Oceania,28,0,31826,945,191,0,386,0
1/15/2021,Oceania,20,0,31846,945,188,0,371,0
1/16/2021,Oceania,31,0,31877,945,175,0,359,0
1/17/2021,Oceania,19,0,31896,945,172,0,339,0
1/18/2021,Oceania,10,0,31906,945,154,0,331,0
1/19/2021,Oceania,14,0,31920,945,142,0,322,0
1/20/2021,Oceania,10,0,31930,945,132,0,320,0
1/21/2021,Oceania,16,0,31946,945,120,0,311,0
1/22/2021,Oceania,5,0,31951,945,105,0,293,0
1/23/2021,Oceania,13,0,31964,945,87,0,262,0
1/24/2021,Oceania,16,0,31980,945,84,0,256,0
1/25/2021,Oceania,5,0,31985,945,79,0,233,0
1/26/2021,Oceania,26,0,32011,945,91,0,233,0
1/27/2021,Oceania,13,0,32024,945,94,0,226,0
1/28/2021,Oceania,11,0,32035,945,89,0,209,0
1/29/2021,Oceania,5,0,32040,945,89,0,194,0
1/30/2021,Oceania,6,0,32046,945,82,0,169,0
1/31/2021,Oceania,7,0,32053,945,73,0,157,0
2/1/2021,Oceania,24,0,32077,945,92,0,171,0
2/2/2021,Oceania,7,0,32084,945,73,0,164,0
2/3/2021,Oceania,15,0,32099,945,75,0,169,0
2/4/2021,Oceania,6,0,32105,945,70,0,159,0
2/5/2021,Oceania,30,0,32135,945,95,0,184,0
2/6/2021,Oceania,8,0,32143,945,97,0,179,0
2/7/2021,Oceania,10,0,32153,945,100,0,173,0
2/8/2021,Oceania,10,0,32163,945,86,0,178,0
2/9/2021,Oceania,13,0,32176,945,92,0,165,0
2/10/2021,Oceania,9,0,32185,945,86,0,161,0
2/11/2021,Oceania,24,0,32209,945,104,0,174,0
2/12/2021,Oceania,7,0,32216,945,81,0,176,0
2/13/2021,Oceania,8,0,32224,945,81,0,178,0
2/14/2021,Oceania,8,0,32232,945,79,0,179,0
2/15/2021,Oceania,7,1,32239,946,76,1,162,1
2/16/2021,Oceania,50,1,32289,947,113,2,205,2
2/17/2021,Oceania,5,0,32294,947,109,2,195,2
2/18/2021,Oceania,10,0,32304,947,95,2,199,2
2/19/2021,Oceania,4,0,32308,947,92,2,173,2
2/20/2021,Oceania,21,0,32329,947,105,2,186,2
2/21/2021,Oceania,11,0,32340,947,108,2,187,2
2/22/2021,Oceania,99,0,32439,947,200,1,276,2
2/23/2021,Oceania,59,0,32498,947,209,0,322,2
2/24/2021,Oceania,40,1,32538,948,244,1,353,3
2/25/2021,Oceania,102,1,32640,949,336,2,431,4
2/26/2021,Oceania,11,0,32651,949,343,2,435,4
2/27/2021,Oceania,56,0,32707,949,378,2,483,4
2/28/2021,Oceania,10,0,32717,949,377,2,485,4
3/1/2021,Oceania,102,2,32819,951,380,4,580,5
3/2/2021,Oceania,12,0,32831,951,333,4,542,4
3/3/2021,Oceania,20,0,32851,951,313,3,557,4
3/4/2021,Oceania,14,0,32865,951,225,2,561,4
3/5/2021,Oceania,144,2,33009,953,358,4,701,6
3/6/2021,Oceania,6,0,33015,953,308,4,686,6
3/7/2021,Oceania,109,0,33124,953,407,4,784,6
3/8/2021,Oceania,111,0,33235,953,416,2,796,6
3/9/2021,Oceania,85,0,33320,953,489,2,822,6
3/10/2021,Oceania,22,0,33342,953,491,2,804,5
3/11/2021,Oceania,91,5,33433,958,568,7,793,9
3/12/2021,Oceania,15,0,33448,958,439,5,797,9
3/13/2021,Oceania,6,0,33454,958,439,5,747,9
3/14/2021,Oceania,374,0,33828,958,704,5,1111,9
3/15/2021,Oceania,105,5,33933,963,698,10,1114,12
3/16/2021,Oceania,101,0,34034,963,714,10,1203,12
3/17/2021,Oceania,12,0,34046,963,704,10,1195,12
3/18/2021,Oceania,156,5,34202,968,769,10,1337,17
3/19/2021,Oceania,188,5,34390,973,942,15,1381,20
3/20/2021,Oceania,440,0,34830,973,1376,15,1815,20
3/21/2021,Oceania,19,0,34849,973,1021,15,1725,20
3/22/2021,Oceania,279,0,35128,973,1195,10,1893,20
3/23/2021,Oceania,417,1,35545,974,1511,11,2225,21
3/24/2021,Oceania,366,2,35911,976,1865,13,2569,23
3/25/2021,Oceania,12,0,35923,976,1721,8,2490,18
3/26/2021,Oceania,566,0,36489,976,2099,3,3041,18
3/27/2021,Oceania,8,0,36497,976,1667,3,3043,18
3/28/2021,Oceania,552,6,37049,982,2200,9,3221,24
3/29/2021,Oceania,187,4,37236,986,2108,13,3303,23
3/30/2021,Oceania,281,7,37517,993,1972,19,3483,30
3/31/2021,Oceania,394,4,37911,997,2000,21,3865,34
4/1/2021,Oceania,132,0,38043,997,2120,21,3841,29
4/2/2021,Oceania,371,0,38414,997,1925,21,4024,24
4/3/2021,Oceania,151,0,38565,997,2068,21,3735,24
4/4/2021,Oceania,434,1,38999,998,1950,16,4150,25
4/5/2021,Oceania,393,6,39392,1004,2156,18,4264,31
4/6/2021,Oceania,21,0,39413,1004,1896,11,3868,30
4/7/2021,Oceania,258,1,39671,1005,1760,8,3760,29
4/8/2021,Oceania,216,0,39887,1005,1844,8,3964,29
4/9/2021,Oceania,17,0,39904,1005,1490,8,3415,29
4/10/2021,Oceania,515,0,40419,1005,1854,8,3922,29
4/11/2021,Oceania,123,0,40542,1005,1543,7,3493,23
4/12/2021,Oceania,174,2,40716,1007,1324,3,3480,21
4/13/2021,Oceania,242,0,40958,1007,1545,3,3441,14
4/14/2021,Oceania,184,2,41142,1009,1471,4,3231,12
4/15/2021,Oceania,219,11,41361,1020,1474,15,3318,23
4/16/2021,Oceania,171,0,41532,1020,1628,15,3118,23
4/17/2021,Oceania,28,0,41560,1020,1141,15,2995,23
4/18/2021,Oceania,410,7,41970,1027,1428,22,2971,29
4/19/2021,Oceania,238,2,42208,1029,1492,22,2816,25
4/20/2021,Oceania,27,0,42235,1029,1277,22,2822,25
4/21/2021,Oceania,21,1,42256,1030,1114,21,2585,25
4/22/2021,Oceania,438,8,42694,1038,1333,18,2807,33
4/23/2021,Oceania,15,0,42709,1038,1177,18,2805,33
4/24/2021,Oceania,276,3,42985,1041,1425,21,2566,36
4/25/2021,Oceania,89,0,43074,1041,1104,14,2532,36
4/26/2021,Oceania,222,3,43296,1044,1088,15,2580,37
4/27/2021,Oceania,39,0,43335,1044,1100,15,2377,37
4/28/2021,Oceania,109,2,43444,1046,1188,16,2302,37
4/29/2021,Oceania,112,0,43556,1046,862,8,2195,26
4/30/2021,Oceania,14,0,43570,1046,861,8,2038,26
5/1/2021,Oceania,142,8,43712,1054,727,13,2152,34
5/2/2021,Oceania,105,0,43817,1054,743,13,1847,27
5/3/2021,Oceania,71,0,43888,1054,592,10,1680,25
5/4/2021,Oceania,32,6,43920,1060,585,16,1685,31
5/5/2021,Oceania,27,0,43947,1060,503,14,1691,30
5/6/2021,Oceania,371,1,44318,1061,762,15,1624,23
5/7/2021,Oceania,13,0,44331,1061,761,15,1622,23
5/8/2021,Oceania,31,0,44362,1061,650,7,1377,20
5/9/2021,Oceania,14,0,44376,1061,559,7,1302,20
5/10/2021,Oceania,464,0,44840,1061,952,7,1544,17
5/11/2021,Oceania,426,9,45266,1070,1346,10,1931,26
5/12/2021,Oceania,523,0,45789,1070,1842,10,2345,24
5/13/2021,Oceania,252,4,46041,1074,1723,13,2485,28
5/14/2021,Oceania,473,3,46514,1077,2183,16,2944,31
5/15/2021,Oceania,12,0,46526,1077,2164,16,2814,23
5/16/2021,Oceania,14,0,46540,1077,2164,16,2723,23
5/17/2021,Oceania,9,0,46549,1077,1709,16,2661,23
5/18/2021,Oceania,518,0,47067,1077,1801,7,3147,17
5/19/2021,Oceania,437,5,47504,1082,1715,12,3557,22
5/20/2021,Oceania,290,13,47794,1095,1753,21,3476,34
5/21/2021,Oceania,10,0,47804,1095,1290,18,3473,34
5/22/2021,Oceania,39,0,47843,1095,1317,18,3481,34
5/23/2021,Oceania,18,0,47861,1095,1321,18,3485,34
5/24/2021,Oceania,296,2,48157,1097,1608,20,3317,36
5/25/2021,Oceania,73,0,48230,1097,1163,20,2964,27
5/26/2021,Oceania,191,3,48421,1100,917,18,2632,30
5/27/2021,Oceania,86,3,48507,1103,713,8,2466,29
5/28/2021,Oceania,412,0,48919,1103,1115,8,2405,26
5/29/2021,Oceania,15,0,48934,1103,1091,8,2408,26
5/30/2021,Oceania,127,0,49061,1103,1200,8,2521,26
5/31/2021,Oceania,112,0,49173,1103,1016,6,2624,26
1/1/2021,South America,47568,912,13241727,363563,438167,8633,909383,16924
1/2/2021,South America,39297,750,13281024,364313,439927,8604,873025,16537
1/3/2021,South America,39702,769,13320726,365082,443061,8578,861305,16386
1/4/2021,South America,45506,1029,13366232,366111,444415,8618,858828,16359
1/5/2021,South America,94346,1667,13460578,367778,450577,8617,872540,16428
1/6/2021,South America,103776,1966,13564354,369744,466376,8826,899834,17015
1/7/2021,South America,128346,2175,13692700,371919,498541,9268,947581,18020
1/8/2021,South America,97114,1727,13789814,373646,548087,10083,986254,18716
1/9/2021,South America,98686,1795,13888500,375441,607476,11128,1047403,19732
1/10/2021,South America,61587,990,13950087,376431,629361,11349,1072422,19927
1/11/2021,South America,66290,1358,14016377,377789,650145,11678,1094560,20296
1/12/2021,South America,102425,1790,14118802,379579,658224,11801,1108801,20418
1/13/2021,South America,101853,1936,14220655,381515,656301,11771,1122677,20597
1/14/2021,South America,109505,1810,14330160,383325,637460,11406,1136001,20674
1/15/2021,South America,129021,2057,14459181,385382,669367,11736,1217454,21819
1/16/2021,South America,103838,1671,14563019,387053,674519,11612,1281995,22740
1/17/2021,South America,70576,1267,14633595,388320,683508,11889,1312869,23238
1/18/2021,South America,53879,1398,14687474,389718,671097,11929,1321242,23607
1/19/2021,South America,98987,1985,14786461,391703,667659,12124,1325883,23925
1/20/2021,South America,117692,2305,14904153,394008,683498,12493,1339799,24264
1/21/2021,South America,97257,2133,15001410,396141,671250,12816,1308710,24222
1/22/2021,South America,102569,2159,15103979,398300,644798,12918,1314165,24654
1/23/2021,South America,95726,1949,15199705,400249,636686,13196,1311205,24808
1/24/2021,South America,67306,1600,15267011,401849,633416,13529,1316924,25418
1/25/2021,South America,54378,1390,15321389,403239,633915,13521,1305012,25450
1/26/2021,South America,107741,2456,15429130,405695,642669,13992,1310328,26116
1/27/2021,South America,97912,2008,15527042,407703,622889,13695,1306387,26188
1/28/2021,South America,101514,2392,15628556,410095,627146,13954,1298396,26770
1/29/2021,South America,95548,2076,15724104,412171,620125,13871,1264923,26789
1/30/2021,South America,99075,2380,15823179,414551,623474,14302,1260160,27498
1/31/2021,South America,54657,1299,15877836,415850,610825,14001,1244241,27530
2/1/2021,South America,47615,1368,15925451,417218,604062,13979,1237977,27500
2/2/2021,South America,85644,1999,16011095,419217,581965,13522,1224634,27514
2/3/2021,South America,99539,2167,16110634,421384,583592,13681,1206481,27376
2/4/2021,South America,83830,1918,16194464,423302,565908,13207,1193054,27161
2/5/2021,South America,82693,2179,16277157,425481,553053,13310,1173178,27181
2/6/2021,South America,31921,797,16309078,426278,485899,11727,1109373,26029
2/7/2021,South America,108156,2400,16417234,428678,539398,12828,1150223,26829
2/8/2021,South America,16115,711,16433349,429389,507898,12171,1111960,26150
2/9/2021,South America,105715,2888,16539064,432277,527969,13060,1109934,26582
2/10/2021,South America,80298,1814,16619362,434091,508728,12707,1092320,26388
2/11/2021,South America,84166,2517,16703528,436608,509064,13306,1074972,26513
2/12/2021,South America,81631,1873,16785159,438481,508002,13000,1061055,26310
2/13/2021,South America,72617,1864,16857776,440345,548698,14067,1034597,25794
2/14/2021,South America,56239,1610,16914015,441955,496781,13277,1036179,26105
2/15/2021,South America,48263,1156,16962278,443111,528929,13722,1036827,25893
2/16/2021,South America,68630,1564,17030908,444675,491844,12398,1019813,25458
2/17/2021,South America,79346,1775,17110254,446450,490892,12359,999620,25066
2/18/2021,South America,80686,2327,17190940,448777,487412,12169,996476,25475
2/19/2021,South America,84031,1975,17274971,450752,489812,12271,997814,25271
2/20/2021,South America,82808,1909,17357779,452661,500003,12316,1048701,26383
2/21/2021,South America,58614,1303,17416393,453964,502378,12009,999159,25286
2/22/2021,South America,42452,1093,17458845,455057,496567,11946,1025496,25668
2/23/2021,South America,84162,1963,17543007,457020,512099,12345,1003943,24743
2/24/2021,South America,94848,2091,17637855,459111,527601,12661,1018493,25020
2/25/2021,South America,95751,2246,17733606,461357,542666,12580,1030078,24749
2/26/2021,South America,99192,2155,17832798,463512,557827,12760,1047639,25031
2/27/2021,South America,87048,1973,17919846,465485,562067,12824,1062070,25140
2/28/2021,South America,48219,1019,17968065,466504,551672,12540,1054050,24549
3/1/2021,South America,58038,1338,18026103,467842,567258,12785,1063825,24731
3/2/2021,South America,85389,2372,18111492,470214,568485,13194,1080584,25539
3/3/2021,South America,91956,2438,18203448,472652,565593,13541,1093194,26202
3/4/2021,South America,101514,2423,18304962,475075,571356,13718,1114022,26298
3/5/2021,South America,102156,2460,18407118,477535,574320,14023,1132147,26783
3/6/2021,South America,96954,2090,18504072,479625,584226,14140,1146293,26964
3/7/2021,South America,103091,1518,18607163,481143,639098,14639,1190770,27179
3/8/2021,South America,54248,1649,18661411,482792,635308,14950,1202566,27735
3/9/2021,South America,98878,2582,18760289,485374,648797,15160,1217282,28354
3/10/2021,South America,100681,2616,18860970,487990,657522,15338,1223115,28879
3/11/2021,South America,107161,2857,18968131,490847,663169,15772,1234525,29490
3/12/2021,South America,116743,2773,19084874,493620,677756,16085,1252076,30108
3/13/2021,South America,106177,2537,19191051,496157,686979,16532,1271205,30672
3/14/2021,South America,67136,1595,19258187,497752,651024,16609,1290122,31248
3/15/2021,South America,59365,1663,19317552,499415,656141,16623,1291449,31573
3/16/2021,South America,111720,3452,19429272,502867,668983,17493,1317780,32653
3/17/2021,South America,131576,3463,19560848,506330,699878,18340,1357400,33678
3/18/2021,South America,115463,3287,19676311,509617,708180,18770,1371349,34542
3/19/2021,South America,134153,3666,19810464,513283,725590,19663,1403346,35748
3/20/2021,South America,106408,2800,19916872,516083,725821,19926,1412800,36458
3/21/2021,South America,85356,1926,20002228,518009,744041,20257,1395065,36866
3/22/2021,South America,73197,1819,20075425,519828,757873,20413,1414014,37036
3/23/2021,South America,122724,3951,20198149,523779,768877,20912,1437860,38405
3/24/2021,South America,118704,2399,20316853,526178,756005,19848,1455883,38188
3/25/2021,South America,148476,3661,20465329,529839,789018,20222,1497198,38992
3/26/2021,South America,133387,4325,20598716,534164,788252,20881,1513842,40544
3/27/2021,South America,128218,4140,20726934,538304,810062,22221,1535883,42147
3/28/2021,South America,82297,2400,20809231,540704,807003,22695,1551044,42952
3/29/2021,South America,77088,2538,20886319,543242,810894,23414,1568767,43827
3/30/2021,South America,117245,4267,21003564,547509,805415,23730,1574292,44642
3/31/2021,South America,145976,4723,21149540,552232,832687,26054,1588692,45902
4/1/2021,South America,145939,4537,21295479,556769,830150,26930,1619168,47152
4/2/2021,South America,113379,3580,21408858,560349,810142,26185,1598394,47066
4/3/2021,South America,83881,2752,21492739,563101,765805,24797,1575867,47018
4/4/2021,South America,76525,2008,21569264,565109,760033,24405,1567036,47100
4/5/2021,South America,72844,2263,21642108,567372,755789,24130,1566683,47544
4/6/2021,South America,134012,4806,21776120,572178,772556,24669,1577971,48399
4/7/2021,South America,150165,4794,21926285,576972,776745,24740,1609432,50794
4/8/2021,South America,161096,5742,22087381,582714,791902,25945,1622052,52875
4/9/2021,South America,162919,4846,22250300,587560,841442,27211,1651584,53396
4/10/2021,South America,134690,3981,22384990,591541,892251,28440,1658056,53237
4/11/2021,South America,94170,2761,22479160,594302,909896,29193,1669929,53598
4/12/2021,South America,91010,2564,22570170,596866,928062,29494,1683851,53624
4/13/2021,South America,145510,4899,22715680,601765,939560,29587,1712116,54256
4/14/2021,South America,138754,4724,22854434,606489,928149,29517,1704894,54257
4/15/2021,South America,136479,4886,22990913,611375,903532,28661,1695434,54606
4/16/2021,South America,159134,4469,23150047,615844,899747,28284,1741189,55495
4/17/2021,South America,138332,4489,23288379,620333,903389,28792,1795640,57232
4/18/2021,South America,93152,2467,23381531,622800,902371,28498,1812267,57691
4/19/2021,South America,89380,3027,23470911,625827,900741,28961,1828803,58455
4/20/2021,South America,139760,4752,23610671,630579,894991,28814,1834551,58401
4/21/2021,South America,138359,4489,23749030,635068,894596,28579,1822745,58096
4/22/2021,South America,125475,4187,23874505,639255,883592,27880,1787124,56541
4/23/2021,South America,150956,4702,24025461,643957,875414,28113,1775161,56397
4/24/2021,South America,133541,4634,24159002,648591,870623,28258,1774012,57050
4/25/2021,South America,85478,2537,24244480,651128,862949,28328,1765320,56826
4/26/2021,South America,81311,2789,24325791,653917,854880,28090,1755621,57051
4/27/2021,South America,127984,4366,24453775,658283,843104,27704,1738095,56518
4/28/2021,South America,153470,5065,24607245,663348,858215,28280,1752811,56859
4/29/2021,South America,129537,4515,24736782,667863,862277,28608,1745869,56488
4/30/2021,South America,141434,4552,24878216,672415,852755,28458,1728169,56571
5/1/2021,South America,118314,3579,24996530,675994,837528,27403,1708151,55661
5/2/2021,South America,82147,2784,25078677,678778,834197,27650,1697146,55978
5/3/2021,South America,67868,2782,25146545,681560,820754,27643,1675634,55733
5/4/2021,South America,135243,4434,25281788,685994,828013,27711,1671117,55415
5/5/2021,South America,125704,4136,25407492,690130,800247,26782,1658462,55062
5/6/2021,South America,139795,4158,25547287,694288,810505,26425,1672782,55033
5/7/2021,South America,133801,3554,25681088,697842,802872,25427,1655627,53885
5/8/2021,South America,136863,4093,25817951,701935,821421,25941,1658949,53344
5/9/2021,South America,84755,2415,25902706,704350,824029,25572,1658226,53222
5/10/2021,South America,68845,2162,25971551,706512,825006,24952,1645760,52595
5/11/2021,South America,130558,3746,26102109,710258,820321,24264,1648334,51975
5/12/2021,South America,144901,4281,26247010,714539,839518,24409,1639765,51191
5/13/2021,South America,137465,3748,26384475,718287,837188,23999,1647693,50424
5/14/2021,South America,160304,4397,26544779,722684,863691,24842,1666563,50269
5/15/2021,South America,124396,3430,26669175,726114,851224,24179,1672645,50120
5/16/2021,South America,98636,2747,26767811,728861,865105,24511,1689134,50083
5/17/2021,South America,86124,2216,26853935,731077,882384,24565,1707390,49517
5/18/2021,South America,140027,4305,26993962,735382,891853,25124,1712174,49388
5/19/2021,South America,162198,4548,27156160,739930,909150,25391,1748668,49800
5/20/2021,South America,155760,3771,27311920,743701,927445,25414,1764633,49413
5/21/2021,South America,154846,4098,27466766,747799,921987,25115,1785678,49957
5/22/2021,South America,157777,3700,27624543,751499,955368,25385,1806592,49564
5/23/2021,South America,105021,2437,27729564,753936,961753,25075,1826858,49586
5/24/2021,South America,89991,1924,27819555,755860,965620,24783,1848004,49348
5/25/2021,South America,145835,4029,27965390,759889,971428,24507,1863281,49631
5/26/2021,South America,163536,4028,28128926,763917,972766,23987,1881916,49378
5/27/2021,South America,159553,3972,28288479,767889,976559,24188,1904004,49602
5/28/2021,South America,131168,3852,28419647,771741,952881,23942,1874868,49057
5/29/2021,South America,157449,3564,28577096,775305,952553,23806,1907921,49191
5/30/2021,South America,102939,2128,28680035,777433,950471,23497,1912224,48572
5/31/2021,South America,106848,2762,28786883,780195,967328,24335,1932948,49118
