date,location,new_cases,new_deaths,total_cases,total_deaths,weekly_cases,weekly_deaths,biweekly_cases,biweekly_deaths
7/1/2020,Australia,81,0,8001,104,443,0,610,2
7/2/2020,Australia,65,0,8066,104,471,0,657,2
7/3/2020,Australia,194,0,8260,104,659,0,849,2
7/4/2020,Australia,183,0,8443,104,757,0,982,2
7/5/2020,Australia,140,2,8583,106,819,2,1109,4
7/6/2020,Australia,172,0,8755,106,921,2,1263,4
7/7/2020,Australia,131,0,8886,106,966,2,1365,3
7/8/2020,Australia,170,0,9056,106,1055,2,1498,2
7/9/2020,Australia,318,0,9374,106,1308,2,1779,2
7/10/2020,Australia,179,1,9553,107,1293,3,1952,3
7/11/2020,Australia,244,1,9797,108,1354,4,2111,4
7/12/2020,Australia,183,0,9980,108,1397,2,2216,4
7/13/2020,Australia,271,0,10251,108,1496,2,2417,4
7/14/2020,Australia,236,3,10487,111,1601,5,2567,7
7/15/2020,Australia,323,2,10810,113,1754,7,2809,9
7/16/2020,Australia,423,3,11233,116,1859,10,3167,12
7/17/2020,Australia,208,2,11441,118,1888,11,3181,14
7/18/2020,Australia,361,4,11802,122,2005,14,3359,18
7/19/2020,Australia,267,1,12069,123,2089,15,3486,17
7/20/2020,Australia,359,3,12428,126,2177,18,3673,20
7/21/2020,Australia,466,2,12894,128,2407,17,4008,22
7/22/2020,Australia,408,5,13302,133,2492,20,4246,27
7/23/2020,Australia,293,6,13595,139,2362,23,4221,33
7/24/2020,Australia,355,6,13950,145,2509,27,4397,38
7/25/2020,Australia,453,10,14403,155,2601,33,4606,47
7/26/2020,Australia,532,6,14935,161,2866,38,4955,53
7/27/2020,Australia,368,6,15303,167,2875,41,5052,59
7/28/2020,Australia,279,9,15582,176,2688,48,5095,65
7/29/2020,Australia,716,13,16298,189,2996,56,5488,76
7/30/2020,Australia,605,7,16903,196,3308,57,5670,80
7/31/2020,Australia,377,5,17280,201,3330,56,5839,83
8/1/2020,Australia,615,7,17895,208,3492,53,6093,86
8/2/2020,Australia,423,13,18318,221,3383,60,6249,98
8/3/2020,Australia,412,11,18730,232,3427,65,6302,106
8/4/2020,Australia,715,15,19445,247,3863,71,6551,119
8/5/2020,Australia,445,8,19890,255,3592,66,6588,122
8/6/2020,Australia,382,11,20272,266,3369,70,6677,127
8/7/2020,Australia,426,12,20698,278,3418,77,6748,133
8/8/2020,Australia,386,17,21084,295,3189,87,6681,140
8/9/2020,Australia,313,18,21397,313,3079,92,6462,152
8/10/2020,Australia,316,18,21713,331,2983,99,6410,164
8/11/2020,Australia,414,21,22127,352,2682,105,6545,176
8/12/2020,Australia,231,9,22358,361,2468,106,6060,172
8/13/2020,Australia,384,14,22742,375,2470,109,5839,179
8/14/2020,Australia,293,4,23035,379,2337,101,5755,178
8/15/2020,Australia,252,17,23287,396,2203,101,5392,188
8/16/2020,Australia,271,25,23558,421,2161,108,5240,200
8/17/2020,Australia,215,17,23773,438,2060,107,5043,206
8/18/2020,Australia,216,12,23989,450,1862,98,4544,203
8/19/2020,Australia,247,13,24236,463,1878,102,4346,208
8/20/2020,Australia,171,9,24407,472,1665,97,4135,206
8/21/2020,Australia,195,13,24602,485,1567,106,3904,207
8/22/2020,Australia,209,17,24811,502,1524,106,3727,207
8/23/2020,Australia,104,15,24915,517,1357,96,3518,204
8/24/2020,Australia,138,8,25053,525,1280,87,3340,194
8/25/2020,Australia,151,24,25204,549,1215,99,3077,197
8/26/2020,Australia,118,23,25322,572,1086,109,2964,211
8/27/2020,Australia,126,11,25448,583,1041,111,2706,208
8/28/2020,Australia,99,17,25547,600,945,115,2512,221
8/29/2020,Australia,123,11,25670,611,859,109,2383,215
8/30/2020,Australia,76,41,25746,652,831,135,2188,231
8/31/2020,Australia,73,5,25819,657,766,132,2046,219
9/1/2020,Australia,104,6,25923,663,719,114,1934,213
9/2/2020,Australia,126,15,26049,678,727,106,1813,215
9/3/2020,Australia,87,59,26136,737,688,154,1729,265
9/4/2020,Australia,71,11,26207,748,660,148,1605,263
9/5/2020,Australia,71,5,26278,753,608,142,1467,251
9/6/2020,Australia,43,9,26321,762,575,110,1406,245
9/7/2020,Australia,52,8,26373,770,554,113,1320,245
9/8/2020,Australia,92,11,26465,781,542,118,1261,232
9/9/2020,Australia,59,7,26524,788,475,110,1202,216
9/10/2020,Australia,40,9,26564,797,428,60,1116,214
9/11/2020,Australia,43,6,26607,803,400,55,1060,203
9/12/2020,Australia,44,7,26651,810,373,57,981,199
9/13/2020,Australia,41,6,26692,816,371,54,946,164
9/14/2020,Australia,47,0,26739,816,366,46,920,159
9/15/2020,Australia,39,8,26778,824,313,43,855,161
9/16/2020,Australia,35,8,26813,832,289,44,764,154
9/17/2020,Australia,48,5,26861,837,297,40,725,100
9/18/2020,Australia,24,7,26885,844,278,41,678,96
9/19/2020,Australia,13,5,26898,849,247,39,620,96
9/20/2020,Australia,14,2,26912,851,220,35,591,89
9/21/2020,Australia,30,3,26942,854,203,38,569,84
9/22/2020,Australia,30,5,26972,859,194,35,507,78
9/23/2020,Australia,8,2,26980,861,167,29,456,73
9/24/2020,Australia,20,8,27000,869,139,32,436,72
9/25/2020,Australia,16,1,27016,870,131,26,409,67
9/26/2020,Australia,24,2,27040,872,142,23,389,62
9/27/2020,Australia,4,3,27044,875,132,24,352,59
9/28/2020,Australia,11,7,27055,882,113,28,316,66
9/29/2020,Australia,23,4,27078,886,106,27,300,62
9/30/2020,Australia,18,2,27096,888,116,27,283,56
10/1/2020,Australia,13,2,27109,890,109,21,248,53
10/2/2020,Australia,12,3,27121,893,105,23,236,49
10/3/2020,Australia,14,1,27135,894,95,22,237,45
10/4/2020,Australia,13,0,27148,894,104,19,236,43
10/5/2020,Australia,25,1,27173,895,118,13,231,41
10/6/2020,Australia,8,2,27181,897,103,11,209,38
10/7/2020,Australia,25,0,27206,897,110,9,226,36
10/8/2020,Australia,20,0,27226,897,117,7,226,28
10/9/2020,Australia,18,0,27244,897,123,4,228,27
10/10/2020,Australia,19,1,27263,898,128,4,223,26
10/11/2020,Australia,22,0,27285,898,137,4,241,23
10/12/2020,Australia,25,1,27310,899,137,4,255,17
10/13/2020,Australia,27,5,27337,904,156,7,259,18
10/14/2020,Australia,20,0,27357,904,151,7,261,16
10/15/2020,Australia,14,0,27371,904,145,7,262,14
10/16/2020,Australia,7,0,27378,904,134,7,257,11
10/17/2020,Australia,12,0,27390,904,127,6,255,10
10/18/2020,Australia,9,1,27399,905,114,7,251,11
10/19/2020,Australia,6,0,27405,905,95,6,232,10
10/20/2020,Australia,38,0,27443,905,106,1,262,8
10/21/2020,Australia,15,0,27458,905,101,1,252,8
10/22/2020,Australia,18,0,27476,905,105,1,250,8
10/23/2020,Australia,19,0,27495,905,117,1,251,8
10/24/2020,Australia,18,0,27513,905,123,1,250,7
10/25/2020,Australia,12,0,27525,905,126,0,240,7
10/26/2020,Australia,14,0,27539,905,134,0,229,6
10/27/2020,Australia,14,2,27553,907,110,2,216,3
10/28/2020,Australia,12,0,27565,907,107,2,208,3
10/29/2020,Australia,14,0,27579,907,103,2,208,3
10/30/2020,Australia,6,0,27585,907,90,2,207,3
10/31/2020,Australia,10,0,27595,907,82,2,205,3
11/1/2020,Australia,6,0,27601,907,76,2,202,2
11/2/2020,Australia,9,0,27610,907,71,2,205,2
11/3/2020,Australia,12,0,27622,907,69,0,179,2
11/4/2020,Australia,8,0,27630,907,65,0,172,2
11/5/2020,Australia,14,0,27644,907,65,0,168,2
11/6/2020,Australia,8,0,27652,907,67,0,157,2
11/7/2020,Australia,6,0,27658,907,63,0,145,2
11/8/2020,Australia,7,0,27665,907,64,0,140,2
11/9/2020,Australia,4,0,27669,907,59,0,130,2
11/10/2020,Australia,2,0,27671,907,49,0,118,0
11/11/2020,Australia,4,0,27675,907,45,0,110,0
11/12/2020,Australia,1,0,27676,907,32,0,97,0
11/13/2020,Australia,6,0,27682,907,30,0,97,0
11/14/2020,Australia,29,0,27711,907,53,0,116,0
11/15/2020,Australia,38,0,27749,907,84,0,148,0
11/16/2020,Australia,9,0,27758,907,89,0,148,0
11/17/2020,Australia,19,0,27777,907,106,0,155,0
11/18/2020,Australia,8,0,27785,907,110,0,155,0
11/19/2020,Australia,7,0,27792,907,116,0,148,0
11/20/2020,Australia,14,0,27806,907,124,0,154,0
11/21/2020,Australia,15,0,27821,907,110,0,163,0
11/22/2020,Australia,13,0,27834,907,85,0,169,0
11/23/2020,Australia,9,0,27843,907,85,0,174,0
11/24/2020,Australia,10,0,27853,907,76,0,182,0
11/25/2020,Australia,12,0,27865,907,80,0,190,0
11/26/2020,Australia,8,0,27873,907,81,0,197,0
11/27/2020,Australia,13,0,27886,907,80,0,204,0
11/28/2020,Australia,6,0,27892,907,71,0,181,0
11/29/2020,Australia,10,1,27902,908,68,1,153,1
11/30/2020,Australia,10,0,27912,908,69,1,154,1
12/1/2020,Australia,11,0,27923,908,70,1,146,1
12/2/2020,Australia,16,0,27939,908,74,1,154,1
12/3/2020,Australia,10,0,27949,908,76,1,157,1
12/4/2020,Australia,7,0,27956,908,70,1,150,1
12/5/2020,Australia,9,0,27965,908,73,1,144,1
12/6/2020,Australia,7,0,27972,908,70,0,138,1
12/7/2020,Australia,15,0,27987,908,75,0,144,1
12/8/2020,Australia,6,0,27993,908,70,0,140,1
12/9/2020,Australia,7,0,28000,908,61,0,135,1
12/10/2020,Australia,11,0,28011,908,62,0,138,1
12/11/2020,Australia,14,0,28025,908,69,0,139,1
12/12/2020,Australia,5,0,28030,908,65,0,138,1
12/13/2020,Australia,7,0,28037,908,65,0,135,0
12/14/2020,Australia,11,0,28048,908,61,0,136,0
12/15/2020,Australia,12,0,28060,908,67,0,137,0
12/16/2020,Australia,12,0,28072,908,72,0,133,0
12/17/2020,Australia,21,0,28093,908,82,0,144,0
12/18/2020,Australia,33,0,28126,908,101,0,170,0
12/19/2020,Australia,42,0,28168,908,138,0,203,0
12/20/2020,Australia,30,0,28198,908,161,0,226,0
12/21/2020,Australia,21,0,28219,908,171,0,232,0
12/22/2020,Australia,18,0,28237,908,177,0,244,0
12/23/2020,Australia,25,0,28262,908,190,0,262,0
12/24/2020,Australia,12,0,28274,908,181,0,263,0
12/25/2020,Australia,23,0,28297,908,171,0,272,0
12/26/2020,Australia,11,0,28308,908,140,0,278,0
12/27/2020,Australia,29,1,28337,909,139,1,300,1
12/28/2020,Australia,12,0,28349,909,130,1,301,1
12/29/2020,Australia,32,0,28381,909,144,1,321,1
12/30/2020,Australia,24,0,28405,909,143,1,333,1
12/31/2020,Australia,20,0,28425,909,151,1,332,1
