date,location,new_cases,new_deaths,total_cases,total_deaths,weekly_cases,weekly_deaths,biweekly_cases,biweekly_deaths
7/1/2020,Australia,81,0,8001,104,443,0,610,2
7/2/2020,Australia,65,0,8066,104,471,0,657,2
7/3/2020,Australia,194,0,8260,104,659,0,849,2
7/4/2020,Australia,183,0,8443,104,757,0,982,2
7/5/2020,Australia,140,2,8583,106,819,2,1109,4
7/6/2020,Australia,172,0,8755,106,921,2,1263,4
7/7/2020,Australia,131,0,8886,106,966,2,1365,3
7/8/2020,Australia,170,0,9056,106,1055,2,1498,2
7/9/2020,Australia,318,0,9374,106,1308,2,1779,2
7/10/2020,Australia,179,1,9553,107,1293,3,1952,3
7/11/2020,Australia,244,1,9797,108,1354,4,2111,4
7/12/2020,Australia,183,0,9980,108,1397,2,2216,4
7/13/2020,Australia,271,0,10251,108,1496,2,2417,4
7/14/2020,Australia,236,3,10487,111,1601,5,2567,7
7/15/2020,Australia,323,2,10810,113,1754,7,2809,9
7/16/2020,Australia,423,3,11233,116,1859,10,3167,12
7/17/2020,Australia,208,2,11441,118,1888,11,3181,14
7/18/2020,Australia,361,4,11802,122,2005,14,3359,18
7/19/2020,Australia,267,1,12069,123,2089,15,3486,17
7/20/2020,Australia,359,3,12428,126,2177,18,3673,20
7/21/2020,Australia,466,2,12894,128,2407,17,4008,22
7/22/2020,Australia,408,5,13302,133,2492,20,4246,27
7/23/2020,Australia,293,6,13595,139,2362,23,4221,33
7/24/2020,Australia,355,6,13950,145,2509,27,4397,38
7/25/2020,Australia,453,10,14403,155,2601,33,4606,47
7/26/2020,Australia,532,6,14935,161,2866,38,4955,53
7/27/2020,Australia,368,6,15303,167,2875,41,5052,59
7/28/2020,Australia,279,9,15582,176,2688,48,5095,65
7/29/2020,Australia,716,13,16298,189,2996,56,5488,76
7/30/2020,Australia,605,7,16903,196,3308,57,5670,80
7/31/2020,Australia,377,5,17280,201,3330,56,5839,83
8/1/2020,Australia,615,7,17895,208,3492,53,6093,86
8/2/2020,Australia,423,13,18318,221,3383,60,6249,98
8/3/2020,Australia,412,11,18730,232,3427,65,6302,106
8/4/2020,Australia,715,15,19445,247,3863,71,6551,119
8/5/2020,Australia,445,8,19890,255,3592,66,6588,122
8/6/2020,Australia,382,11,20272,266,3369,70,6677,127
8/7/2020,Australia,426,12,20698,278,3418,77,6748,133
8/8/2020,Australia,386,17,21084,295,3189,87,6681,140
8/9/2020,Australia,313,18,21397,313,3079,92,6462,152
8/10/2020,Australia,316,18,21713,331,2983,99,6410,164
8/11/2020,Australia,414,21,22127,352,2682,105,6545,176
8/12/2020,Australia,231,9,22358,361,2468,106,6060,172
8/13/2020,Australia,384,14,22742,375,2470,109,5839,179
8/14/2020,Australia,293,4,23035,379,2337,101,5755,178
8/15/2020,Australia,252,17,23287,396,2203,101,5392,188
8/16/2020,Australia,271,25,23558,421,2161,108,5240,200
8/17/2020,Australia,215,17,23773,438,2060,107,5043,206
8/18/2020,Australia,216,12,23989,450,1862,98,4544,203
8/19/2020,Australia,247,13,24236,463,1878,102,4346,208
8/20/2020,Australia,171,9,24407,472,1665,97,4135,206
8/21/2020,Australia,195,13,24602,485,1567,106,3904,207
8/22/2020,Australia,209,17,24811,502,1524,106,3727,207
8/23/2020,Australia,104,15,24915,517,1357,96,3518,204
8/24/2020,Australia,138,8,25053,525,1280,87,3340,194
8/25/2020,Australia,151,24,25204,549,1215,99,3077,197
8/26/2020,Australia,118,23,25322,572,1086,109,2964,211
8/27/2020,Australia,126,11,25448,583,1041,111,2706,208
8/28/2020,Australia,99,17,25547,600,945,115,2512,221
8/29/2020,Australia,123,11,25670,611,859,109,2383,215
8/30/2020,Australia,76,41,25746,652,831,135,2188,231
8/31/2020,Australia,73,5,25819,657,766,132,2046,219
9/1/2020,Australia,104,6,25923,663,719,114,1934,213
9/2/2020,Australia,126,15,26049,678,727,106,1813,215
9/3/2020,Australia,87,59,26136,737,688,154,1729,265
9/4/2020,Australia,71,11,26207,748,660,148,1605,263
9/5/2020,Australia,71,5,26278,753,608,142,1467,251
9/6/2020,Australia,43,9,26321,762,575,110,1406,245
9/7/2020,Australia,52,8,26373,770,554,113,1320,245
9/8/2020,Australia,92,11,26465,781,542,118,1261,232
9/9/2020,Australia,59,7,26524,788,475,110,1202,216
9/10/2020,Australia,40,9,26564,797,428,60,1116,214
9/11/2020,Australia,43,6,26607,803,400,55,1060,203
9/12/2020,Australia,44,7,26651,810,373,57,981,199
9/13/2020,Australia,41,6,26692,816,371,54,946,164
9/14/2020,Australia,47,0,26739,816,366,46,920,159
9/15/2020,Australia,39,8,26778,824,313,43,855,161
9/16/2020,Australia,35,8,26813,832,289,44,764,154
9/17/2020,Australia,48,5,26861,837,297,40,725,100
9/18/2020,Australia,24,7,26885,844,278,41,678,96
9/19/2020,Australia,13,5,26898,849,247,39,620,96
9/20/2020,Australia,14,2,26912,851,220,35,591,89
9/21/2020,Australia,30,3,26942,854,203,38,569,84
9/22/2020,Australia,30,5,26972,859,194,35,507,78
9/23/2020,Australia,8,2,26980,861,167,29,456,73
9/24/2020,Australia,20,8,27000,869,139,32,436,72
9/25/2020,Australia,16,1,27016,870,131,26,409,67
9/26/2020,Australia,24,2,27040,872,142,23,389,62
9/27/2020,Australia,4,3,27044,875,132,24,352,59
9/28/2020,Australia,11,7,27055,882,113,28,316,66
9/29/2020,Australia,23,4,27078,886,106,27,300,62
9/30/2020,Australia,18,2,27096,888,116,27,283,56
10/1/2020,Australia,13,2,27109,890,109,21,248,53
10/2/2020,Australia,12,3,27121,893,105,23,236,49
10/3/2020,Australia,14,1,27135,894,95,22,237,45
10/4/2020,Australia,13,0,27148,894,104,19,236,43
10/5/2020,Australia,25,1,27173,895,118,13,231,41
10/6/2020,Australia,8,2,27181,897,103,11,209,38
10/7/2020,Australia,25,0,27206,897,110,9,226,36
10/8/2020,Australia,20,0,27226,897,117,7,226,28
10/9/2020,Australia,18,0,27244,897,123,4,228,27
10/10/2020,Australia,19,1,27263,898,128,4,223,26
10/11/2020,Australia,22,0,27285,898,137,4,241,23
10/12/2020,Australia,25,1,27310,899,137,4,255,17
10/13/2020,Australia,27,5,27337,904,156,7,259,18
10/14/2020,Australia,20,0,27357,904,151,7,261,16
10/15/2020,Australia,14,0,27371,904,145,7,262,14
10/16/2020,Australia,7,0,27378,904,134,7,257,11
10/17/2020,Australia,12,0,27390,904,127,6,255,10
10/18/2020,Australia,9,1,27399,905,114,7,251,11
10/19/2020,Australia,6,0,27405,905,95,6,232,10
10/20/2020,Australia,38,0,27443,905,106,1,262,8
10/21/2020,Australia,15,0,27458,905,101,1,252,8
10/22/2020,Australia,18,0,27476,905,105,1,250,8
10/23/2020,Australia,19,0,27495,905,117,1,251,8
10/24/2020,Australia,18,0,27513,905,123,1,250,7
10/25/2020,Australia,12,0,27525,905,126,0,240,7
10/26/2020,Australia,14,0,27539,905,134,0,229,6
10/27/2020,Australia,14,2,27553,907,110,2,216,3
10/28/2020,Australia,12,0,27565,907,107,2,208,3
10/29/2020,Australia,14,0,27579,907,103,2,208,3
10/30/2020,Australia,6,0,27585,907,90,2,207,3
10/31/2020,Australia,10,0,27595,907,82,2,205,3
11/1/2020,Australia,6,0,27601,907,76,2,202,2
11/2/2020,Australia,9,0,27610,907,71,2,205,2
11/3/2020,Australia,12,0,27622,907,69,0,179,2
11/4/2020,Australia,8,0,27630,907,65,0,172,2
11/5/2020,Australia,14,0,27644,907,65,0,168,2
11/6/2020,Australia,8,0,27652,907,67,0,157,2
11/7/2020,Australia,6,0,27658,907,63,0,145,2
11/8/2020,Australia,7,0,27665,907,64,0,140,2
11/9/2020,Australia,4,0,27669,907,59,0,130,2
11/10/2020,Australia,2,0,27671,907,49,0,118,0
11/11/2020,Australia,4,0,27675,907,45,0,110,0
11/12/2020,Australia,1,0,27676,907,32,0,97,0
11/13/2020,Australia,6,0,27682,907,30,0,97,0
11/14/2020,Australia,29,0,27711,907,53,0,116,0
11/15/2020,Australia,38,0,27749,907,84,0,148,0
11/16/2020,Australia,9,0,27758,907,89,0,148,0
11/17/2020,Australia,19,0,27777,907,106,0,155,0
11/18/2020,Australia,8,0,27785,907,110,0,155,0
11/19/2020,Australia,7,0,27792,907,116,0,148,0
11/20/2020,Australia,14,0,27806,907,124,0,154,0
11/21/2020,Australia,15,0,27821,907,110,0,163,0
11/22/2020,Australia,13,0,27834,907,85,0,169,0
11/23/2020,Australia,9,0,27843,907,85,0,174,0
11/24/2020,Australia,10,0,27853,907,76,0,182,0
11/25/2020,Australia,12,0,27865,907,80,0,190,0
11/26/2020,Australia,8,0,27873,907,81,0,197,0
11/27/2020,Australia,13,0,27886,907,80,0,204,0
11/28/2020,Australia,6,0,27892,907,71,0,181,0
11/29/2020,Australia,10,1,27902,908,68,1,153,1
11/30/2020,Australia,10,0,27912,908,69,1,154,1
12/1/2020,Australia,11,0,27923,908,70,1,146,1
12/2/2020,Australia,16,0,27939,908,74,1,154,1
12/3/2020,Australia,10,0,27949,908,76,1,157,1
12/4/2020,Australia,7,0,27956,908,70,1,150,1
12/5/2020,Australia,9,0,27965,908,73,1,144,1
12/6/2020,Australia,7,0,27972,908,70,0,138,1
12/7/2020,Australia,15,0,27987,908,75,0,144,1
12/8/2020,Australia,6,0,27993,908,70,0,140,1
12/9/2020,Australia,7,0,28000,908,61,0,135,1
12/10/2020,Australia,11,0,28011,908,62,0,138,1
12/11/2020,Australia,14,0,28025,908,69,0,139,1
12/12/2020,Australia,5,0,28030,908,65,0,138,1
12/13/2020,Australia,7,0,28037,908,65,0,135,0
12/14/2020,Australia,11,0,28048,908,61,0,136,0
12/15/2020,Australia,12,0,28060,908,67,0,137,0
12/16/2020,Australia,12,0,28072,908,72,0,133,0
12/17/2020,Australia,21,0,28093,908,82,0,144,0
12/18/2020,Australia,33,0,28126,908,101,0,170,0
12/19/2020,Australia,42,0,28168,908,138,0,203,0
12/20/2020,Australia,30,0,28198,908,161,0,226,0
12/21/2020,Australia,21,0,28219,908,171,0,232,0
12/22/2020,Australia,18,0,28237,908,177,0,244,0
12/23/2020,Australia,25,0,28262,908,190,0,262,0
12/24/2020,Australia,12,0,28274,908,181,0,263,0
12/25/2020,Australia,23,0,28297,908,171,0,272,0
12/26/2020,Australia,11,0,28308,908,140,0,278,0
12/27/2020,Australia,29,1,28337,909,139,1,300,1
12/28/2020,Australia,12,0,28349,909,130,1,301,1
12/29/2020,Australia,32,0,28381,909,144,1,321,1
12/30/2020,Australia,24,0,28405,909,143,1,333,1
12/31/2020,Australia,20,0,28425,909,151,1,332,1
7/1/2020,Italy,182,21,240760,34788,1350,144,2932,340
7/2/2020,Italy,201,30,240961,34818,1255,140,2802,304
7/3/2020,Italy,223,15,241184,34833,1223,125,3173,272
7/4/2020,Italy,235,21,241419,34854,1283,138,3144,244
7/5/2020,Italy,192,7,241611,34861,1301,123,3112,227
7/6/2020,Italy,208,8,241819,34869,1383,125,3099,212
7/7/2020,Italy,137,30,241956,34899,1378,132,3123,224
7/8/2020,Italy,193,15,242149,34914,1389,126,2739,270
7/9/2020,Italy,214,12,242363,34926,1402,108,2657,248
7/10/2020,Italy,276,12,242639,34938,1455,105,2678,230
7/11/2020,Italy,188,7,242827,34945,1408,91,2691,229
7/12/2020,Italy,234,9,243061,34954,1450,93,2751,216
7/13/2020,Italy,169,13,243230,34967,1411,98,2794,223
7/14/2020,Italy,114,17,243344,34984,1388,85,2766,217
7/15/2020,Italy,162,13,243506,34997,1357,83,2746,209
7/16/2020,Italy,230,20,243736,35017,1373,91,2775,199
7/17/2020,Italy,231,11,243967,35028,1328,90,2783,195
7/18/2020,Italy,249,14,244216,35042,1389,97,2797,188
7/19/2020,Italy,218,3,244434,35045,1373,91,2823,184
7/20/2020,Italy,190,13,244624,35058,1394,91,2805,189
7/21/2020,Italy,128,15,244752,35073,1408,89,2796,174
7/22/2020,Italy,280,9,245032,35082,1526,85,2883,168
7/23/2020,Italy,306,10,245338,35092,1602,75,2975,166
7/24/2020,Italy,252,5,245590,35097,1623,69,2951,159
7/25/2020,Italy,274,5,245864,35102,1648,60,3037,157
7/26/2020,Italy,254,5,246118,35107,1684,62,3057,153
7/27/2020,Italy,168,5,246286,35112,1662,54,3056,145
7/28/2020,Italy,202,11,246488,35123,1736,50,3144,139
7/29/2020,Italy,288,6,246776,35129,1744,47,3270,132
7/30/2020,Italy,382,3,247158,35132,1820,40,3422,115
7/31/2020,Italy,379,9,247537,35141,1947,44,3570,113
8/1/2020,Italy,295,5,247832,35146,1968,44,3616,104
8/2/2020,Italy,238,8,248070,35154,1952,47,3636,109
8/3/2020,Italy,159,12,248229,35166,1943,54,3605,108
8/4/2020,Italy,190,5,248419,35171,1931,48,3667,98
8/5/2020,Italy,384,10,248803,35181,2027,52,3771,99
8/6/2020,Italy,401,6,249204,35187,2046,55,3866,95
8/7/2020,Italy,552,3,249756,35190,2219,49,4166,93
8/8/2020,Italy,347,13,250103,35203,2271,57,4239,101
8/9/2020,Italy,463,2,250566,35205,2496,51,4448,98
8/10/2020,Italy,259,4,250825,35209,2596,43,4539,97
8/11/2020,Italy,412,6,251237,35215,2818,44,4749,92
8/12/2020,Italy,476,10,251713,35225,2910,44,4937,96
8/13/2020,Italy,522,6,252235,35231,3031,44,5077,99
8/14/2020,Italy,574,3,252809,35234,3053,44,5272,93
8/15/2020,Italy,629,158,253438,35392,3335,189,5606,246
8/16/2020,Italy,477,4,253915,35396,3349,191,5845,242
8/17/2020,Italy,320,4,254235,35400,3410,191,6006,234
8/18/2020,Italy,401,5,254636,35405,3399,190,6217,234
8/19/2020,Italy,642,7,255278,35412,3565,187,6475,231
8/20/2020,Italy,840,6,256118,35418,3883,187,6914,231
8/21/2020,Italy,947,9,257065,35427,4256,193,7309,237
8/22/2020,Italy,1071,3,258136,35430,4698,38,8033,227
8/23/2020,Italy,1209,7,259345,35437,5430,41,8779,232
8/24/2020,Italy,953,4,260298,35441,6063,41,9473,232
8/25/2020,Italy,876,4,261174,35445,6538,40,9937,230
8/26/2020,Italy,1366,13,262540,35458,7262,46,10827,233
8/27/2020,Italy,1409,5,263949,35463,7831,45,11714,232
8/28/2020,Italy,1460,9,265409,35472,8344,45,12600,238
8/29/2020,Italy,1444,1,266853,35473,8717,43,13415,81
8/30/2020,Italy,1365,4,268218,35477,8873,40,14303,81
8/31/2020,Italy,996,6,269214,35483,8916,42,14979,83
9/1/2020,Italy,975,8,270189,35491,9015,46,15553,86
9/2/2020,Italy,1326,6,271515,35497,8975,39,16237,85
9/3/2020,Italy,1397,10,272912,35507,8963,44,16794,89
9/4/2020,Italy,1732,11,274644,35518,9235,46,17579,91
9/5/2020,Italy,1694,16,276338,35534,9485,61,18202,104
9/6/2020,Italy,1296,7,277634,35541,9416,64,18289,104
9/7/2020,Italy,1150,12,278784,35553,9570,70,18486,112
9/8/2020,Italy,1369,10,280153,35563,9964,72,18979,118
9/9/2020,Italy,1430,14,281583,35577,10068,80,19043,119
9/10/2020,Italy,1597,10,283180,35587,10268,80,19231,124
9/11/2020,Italy,1616,10,284796,35597,10152,79,19387,125
9/12/2020,Italy,1501,6,286297,35603,9959,69,19444,130
9/13/2020,Italy,1456,7,287753,35610,10119,69,19535,133
9/14/2020,Italy,1008,14,288761,35624,9977,71,19547,141
9/15/2020,Italy,1229,9,289990,35633,9837,70,19801,142
9/16/2020,Italy,1452,12,291442,35645,9859,68,19927,148
9/17/2020,Italy,1583,13,293025,35658,9845,71,20113,151
9/18/2020,Italy,1907,10,294932,35668,10136,71,20288,150
9/19/2020,Italy,1637,24,296569,35692,10272,89,20231,158
9/20/2020,Italy,1587,15,298156,35707,10403,97,20522,166
9/21/2020,Italy,1350,17,299506,35724,10745,100,20722,171
9/22/2020,Italy,1391,14,300897,35738,10907,105,20744,175
9/23/2020,Italy,1640,20,302537,35758,11095,113,20954,181
9/24/2020,Italy,1786,23,304323,35781,11298,123,21143,194
9/25/2020,Italy,1912,20,306235,35801,11303,133,21439,204
9/26/2020,Italy,1869,17,308104,35818,11535,126,21807,215
9/27/2020,Italy,1766,17,309870,35835,11714,128,22117,225
9/28/2020,Italy,1494,16,311364,35851,11858,127,22603,227
9/29/2020,Italy,1647,24,313011,35875,12114,137,23021,242
9/30/2020,Italy,1850,19,314861,35894,12324,136,23419,249
10/1/2020,Italy,2548,24,317409,35918,13086,137,24384,260
10/2/2020,Italy,2499,23,319908,35941,13673,140,24976,273
10/3/2020,Italy,2843,27,322751,35968,14647,150,26182,276
10/4/2020,Italy,2578,18,325329,35986,15459,151,27173,279
10/5/2020,Italy,2257,16,327586,36002,16222,151,28080,278
10/6/2020,Italy,2677,28,330263,36030,17252,155,29366,292
10/7/2020,Italy,3677,31,333940,36061,19079,167,31403,303
10/8/2020,Italy,4458,22,338398,36083,20989,165,34075,302
10/9/2020,Italy,5372,28,343770,36111,23862,170,37535,310
10/10/2020,Italy,5724,29,349494,36140,26743,172,41390,322
10/11/2020,Italy,5456,26,354950,36166,29621,180,45080,331
10/12/2020,Italy,4619,39,359569,36205,31983,203,48205,354
10/13/2020,Italy,5898,41,365467,36246,35204,216,52456,371
10/14/2020,Italy,7332,43,372799,36289,38859,228,57938,395
10/15/2020,Italy,8803,83,381602,36372,43204,289,64193,454
10/16/2020,Italy,10009,55,391611,36427,47841,316,71703,486
10/17/2020,Italy,10925,47,402536,36474,53042,334,79785,506
10/18/2020,Italy,11705,69,414241,36543,59291,377,88912,557
10/19/2020,Italy,9337,73,423578,36616,64009,411,95992,614
10/20/2020,Italy,10871,89,434449,36705,68982,459,104186,675
10/21/2020,Italy,15199,127,449648,36832,76849,543,115708,771
10/22/2020,Italy,16078,136,465726,36968,84124,596,127328,885
10/23/2020,Italy,19143,91,484869,37059,93258,632,141099,948
10/24/2020,Italy,19640,151,504509,37210,101973,736,155015,1070
10/25/2020,Italy,21273,128,525782,37338,111541,795,170832,1172
10/26/2020,Italy,17007,141,542789,37479,119211,863,183220,1274
10/27/2020,Italy,21989,221,564778,37700,130329,995,199311,1454
10/28/2020,Italy,24988,205,589766,37905,140118,1073,216967,1616
10/29/2020,Italy,26829,217,616595,38122,150869,1154,234993,1750
10/30/2020,Italy,31079,199,647674,38321,162805,1262,256063,1894
10/31/2020,Italy,31756,297,679430,38618,174921,1408,276894,2144
11/1/2020,Italy,29905,208,709335,38826,183553,1488,295094,2283
11/2/2020,Italy,22253,233,731588,39059,188799,1580,308010,2443
11/3/2020,Italy,28241,353,759829,39412,195051,1712,325380,2707
11/4/2020,Italy,30548,352,790377,39764,200611,1859,340729,2932
11/5/2020,Italy,34502,428,824879,40192,208284,2070,359153,3224
11/6/2020,Italy,37802,446,862681,40638,215007,2317,377812,3579
11/7/2020,Italy,39809,425,902490,41063,223060,2445,397981,3853
11/8/2020,Italy,32614,331,935104,41394,225769,2568,409322,4056
11/9/2020,Italy,25269,356,960373,41750,228785,2691,417584,4271
11/10/2020,Italy,35090,580,995463,42330,235634,2918,430685,4630
11/11/2020,Italy,32961,623,1028424,42953,238047,3189,438658,5048
11/12/2020,Italy,37977,636,1066401,43589,241522,3397,449806,5467
11/13/2020,Italy,40902,550,1107303,44139,244622,3501,459629,5818
11/14/2020,Italy,37249,544,1144552,44683,242062,3620,465122,6065
11/15/2020,Italy,33977,546,1178529,45229,243425,3835,469194,6403
11/16/2020,Italy,27352,504,1205881,45733,245508,3983,474293,6674
11/17/2020,Italy,32191,731,1238072,46464,242609,4134,478243,7052
11/18/2020,Italy,34280,753,1272352,47217,243928,4264,481975,7453
11/19/2020,Italy,36176,653,1308528,47870,242127,4281,483649,7678
11/20/2020,Italy,37239,699,1345767,48569,238464,4430,483086,7931
11/21/2020,Italy,34764,692,1380531,49261,235979,4578,478041,8198
11/22/2020,Italy,28337,562,1408868,49823,230339,4594,473764,8429
11/23/2020,Italy,22927,630,1431795,50453,225914,4720,471422,8703
11/24/2020,Italy,23227,853,1455022,51306,216950,4842,459559,8976
11/25/2020,Italy,25852,722,1480874,52028,208522,4811,452450,9075
11/26/2020,Italy,29001,822,1509875,52850,201347,4980,443474,9261
11/27/2020,Italy,28342,827,1538217,53677,192450,5108,430914,9538
11/28/2020,Italy,26315,686,1564532,54363,184001,5102,419980,9680
11/29/2020,Italy,20646,541,1585178,54904,176310,5081,406649,9675
11/30/2020,Italy,16376,672,1601554,55576,169759,5123,395673,9843
12/1/2020,Italy,19347,785,1620901,56361,165879,5055,382829,9897
12/2/2020,Italy,20709,684,1641610,57045,160736,5017,369258,9828
12/3/2020,Italy,23219,993,1664829,58038,154954,5188,356301,10168
12/4/2020,Italy,24110,814,1688939,58852,150722,5175,343172,10283
12/5/2020,Italy,21052,662,1709991,59514,145459,5151,329460,10253
12/6/2020,Italy,18887,564,1728878,60078,143700,5174,320010,10255
12/7/2020,Italy,13679,528,1742557,60606,141003,5030,310762,10153
12/8/2020,Italy,14837,634,1757394,61240,136493,4879,302372,9934
12/9/2020,Italy,12755,499,1770149,61739,128539,4694,289275,9711
12/10/2020,Italy,16998,887,1787147,62626,122318,4588,277272,9776
12/11/2020,Italy,18726,761,1805873,63387,116934,4535,267656,9710
12/12/2020,Italy,19902,649,1825775,64036,115784,4522,261243,9673
12/13/2020,Italy,17937,484,1843712,64520,114834,4442,258534,9616
12/14/2020,Italy,12025,491,1855737,65011,113180,4405,254183,9435
12/15/2020,Italy,14839,846,1870576,65857,113182,4617,249675,9496
12/16/2020,Italy,17568,680,1888144,66537,117995,4798,246534,9492
12/17/2020,Italy,18233,683,1906377,67220,119230,4594,241548,9182
12/18/2020,Italy,15401,674,1921778,67894,115905,4507,232839,9042
12/19/2020,Italy,16305,553,1938083,68447,112308,4411,228092,8933
12/20/2020,Italy,15102,352,1953185,68799,109473,4279,224307,8721
12/21/2020,Italy,10869,415,1964054,69214,108317,4203,221497,8608
12/22/2020,Italy,13316,628,1977370,69842,106794,3985,219976,8602
12/23/2020,Italy,13908,553,1991278,70395,103134,3858,221129,8656
12/24/2020,Italy,18039,505,2009317,70900,102940,3680,222170,8274
12/25/2020,Italy,19037,459,2028354,71359,106576,3465,222481,7972
12/26/2020,Italy,10405,261,2038759,71620,100676,3173,212984,7584
12/27/2020,Italy,8937,305,2047696,71925,94511,3126,203984,7405
12/28/2020,Italy,8581,445,2056277,72370,92223,3156,200540,7359
12/29/2020,Italy,11210,659,2067487,73029,90117,3187,196911,7172
12/30/2020,Italy,16202,575,2083689,73604,92411,3209,195545,7067
12/31/2020,Italy,23477,555,2107166,74159,97849,3259,200789,6939
7/1/2020,South Africa,8124,92,159333,2749,47537,544,78921,1075
7/2/2020,South Africa,8728,95,168061,2844,49686,552,84171,1107
7/3/2020,South Africa,9063,108,177124,2952,52534,612,89409,1121
7/4/2020,South Africa,10853,74,187977,3026,56177,613,95296,1149
7/5/2020,South Africa,8773,173,196750,3199,58616,743,99448,1269
7/6/2020,South Africa,8971,111,205721,3310,61457,781,104131,1319
7/7/2020,South Africa,10134,192,215855,3502,64646,845,109747,1400
7/8/2020,South Africa,8810,100,224665,3602,65332,853,112869,1397
7/9/2020,South Africa,13674,118,238339,3720,70278,876,119964,1428
7/10/2020,South Africa,12348,140,250687,3860,73563,908,126097,1520
7/11/2020,South Africa,13497,111,264184,3971,76207,945,132384,1558
7/12/2020,South Africa,12058,108,276242,4079,79492,880,138108,1623
7/13/2020,South Africa,11554,93,287796,4172,82075,862,143532,1643
7/14/2020,South Africa,10496,174,298292,4346,82437,844,147083,1689
7/15/2020,South Africa,12757,107,311049,4453,86384,851,151716,1704
7/16/2020,South Africa,13172,216,324221,4669,85882,949,156160,1825
7/17/2020,South Africa,13373,135,337594,4804,86907,944,160470,1852
7/18/2020,South Africa,13285,144,350879,4948,86695,977,162902,1922
7/19/2020,South Africa,13449,85,364328,5033,88086,954,167578,1834
7/20/2020,South Africa,9300,140,373628,5173,85832,1001,167907,1863
7/21/2020,South Africa,8170,195,381798,5368,83506,1022,165943,1866
7/22/2020,South Africa,13150,572,394948,5940,83899,1487,170283,2338
7/23/2020,South Africa,13104,153,408052,6093,83831,1424,169713,2373
7/24/2020,South Africa,13944,250,421996,6343,84402,1539,171309,2483
7/25/2020,South Africa,12204,312,434200,6655,83321,1707,170016,2684
7/26/2020,South Africa,11233,114,445433,6769,81105,1736,169191,2690
7/27/2020,South Africa,7096,298,452529,7067,78901,1894,164733,2895
7/28/2020,South Africa,7232,190,459761,7257,77963,1889,161469,2911
7/29/2020,South Africa,11362,240,471123,7497,76175,1557,160074,3044
7/30/2020,South Africa,11046,315,482169,7812,74117,1719,157948,3143
7/31/2020,South Africa,11014,193,493183,8005,71187,1662,155589,3201
8/1/2020,South Africa,10107,148,503290,8153,69090,1498,152411,3205
8/2/2020,South Africa,8195,213,511485,8366,66052,1597,147157,3333
8/3/2020,South Africa,5377,173,516862,8539,64333,1472,143234,3366
8/4/2020,South Africa,4456,345,521318,8884,61557,1627,139520,3516
8/5/2020,South Africa,8559,414,529877,9298,58754,1801,134929,3358
8/6/2020,South Africa,8307,306,538184,9604,56015,1792,130132,3511
8/7/2020,South Africa,7292,305,545476,9909,52293,1904,123480,3566
8/8/2020,South Africa,7712,301,553188,10210,49898,2057,118988,3555
8/9/2020,South Africa,6671,198,559859,10408,48374,2042,114426,3639
8/10/2020,South Africa,3739,213,563598,10621,46736,2082,111069,3554
8/11/2020,South Africa,2511,130,566109,10751,44791,1867,106348,3494
8/12/2020,South Africa,2810,259,568919,11010,39042,1712,97796,3513
8/13/2020,South Africa,3946,260,572865,11270,34681,1666,90696,3458
8/14/2020,South Africa,6275,286,579140,11556,33664,1647,85957,3551
8/15/2020,South Africa,4513,121,583653,11677,30465,1467,80363,3524
8/16/2020,South Africa,3692,162,587345,11839,27486,1431,75860,3473
8/17/2020,South Africa,2541,143,589886,11982,26288,1361,73024,3443
8/18/2020,South Africa,2258,282,592144,12264,26035,1513,70826,3380
8/19/2020,South Africa,3916,159,596060,12423,27141,1413,66183,3125
8/20/2020,South Africa,3880,195,599940,12618,27075,1348,61756,3014
8/21/2020,South Africa,3398,225,603338,12843,24198,1287,57862,2934
8/22/2020,South Africa,3707,144,607045,12987,23392,1310,53857,2777
8/23/2020,South Africa,2728,72,609773,13059,22428,1220,49914,2651
8/24/2020,South Africa,1677,100,611450,13159,21564,1177,47852,2538
8/25/2020,South Africa,1567,149,613017,13308,20873,1044,46908,2557
8/26/2020,South Africa,2684,194,615701,13502,19641,1079,46782,2492
8/27/2020,South Africa,2585,126,618286,13628,18346,1010,45421,2358
8/28/2020,South Africa,1846,115,620132,13743,16794,900,40992,2187
8/29/2020,South Africa,2419,238,622551,13981,15506,994,38898,2304
8/30/2020,South Africa,2505,47,625056,14028,15283,969,37711,2189
8/31/2020,South Africa,1985,121,627041,14149,15591,990,37155,2167
9/1/2020,South Africa,1218,114,628259,14263,15242,955,36115,1999
9/2/2020,South Africa,2336,126,630595,14389,14894,887,34535,1966
9/3/2020,South Africa,2420,174,633015,14563,14729,935,33075,1945
9/4/2020,South Africa,2063,115,635078,14678,14946,935,31740,1835
9/5/2020,South Africa,1806,101,636884,14779,14333,798,29839,1792
9/6/2020,South Africa,1633,110,638517,14889,13461,861,28744,1830
9/7/2020,South Africa,845,115,639362,15004,12321,855,27912,1845
9/8/2020,South Africa,1079,82,640441,15086,12182,823,27424,1778
9/9/2020,South Africa,1990,82,642431,15168,11836,779,26730,1666
9/10/2020,South Africa,2007,97,644438,15265,11423,702,26152,1637
9/11/2020,South Africa,1960,113,646398,15378,11320,700,26266,1635
9/12/2020,South Africa,1816,49,648214,15427,11330,648,25663,1446
9/13/2020,South Africa,1579,20,649793,15447,11276,558,24737,1419
9/14/2020,South Africa,956,52,650749,15499,11387,495,23708,1350
9/15/2020,South Africa,772,142,651521,15641,11080,555,23262,1378
9/16/2020,South Africa,1923,64,653444,15705,11013,537,22849,1316
9/17/2020,South Africa,2128,67,655572,15772,11134,507,22557,1209
9/18/2020,South Africa,2055,85,657627,15857,11229,479,22549,1179
9/19/2020,South Africa,2029,83,659656,15940,11442,513,22772,1161
9/20/2020,South Africa,1555,13,661211,15953,11418,506,22694,1064
9/21/2020,South Africa,725,39,661936,15992,11187,493,22574,988
9/22/2020,South Africa,1346,126,663282,16118,11761,477,22841,1032
9/23/2020,South Africa,1906,88,665188,16206,11744,501,22757,1038
9/24/2020,South Africa,1861,77,667049,16283,11477,511,22611,1018
9/25/2020,South Africa,1480,29,668529,16312,10902,455,22131,934
9/26/2020,South Africa,969,64,669498,16376,9842,436,21284,949
9/27/2020,South Africa,1268,22,670766,16398,9555,445,20973,951
9/28/2020,South Africa,903,188,671669,16586,9733,594,20920,1087
9/29/2020,South Africa,903,81,672572,16667,9290,549,21051,1026
9/30/2020,South Africa,1767,67,674339,16734,9151,528,20895,1029
10/1/2020,South Africa,1745,132,676084,16866,9035,583,20512,1094
10/2/2020,South Africa,1749,43,677833,16909,9304,597,20206,1052
10/3/2020,South Africa,1883,29,679716,16938,10218,562,20060,998
10/4/2020,South Africa,1573,38,681289,16976,10523,578,20078,1023
10/5/2020,South Africa,926,40,682215,17016,10546,430,20279,1024
10/6/2020,South Africa,1027,87,683242,17103,10670,436,19960,985
10/7/2020,South Africa,1913,145,685155,17248,10816,514,19967,1042
10/8/2020,South Africa,1736,160,686891,17408,10807,542,19842,1125
10/9/2020,South Africa,1461,139,688352,17547,10519,638,19823,1235
10/10/2020,South Africa,2544,126,690896,17673,11180,735,21398,1297
10/11/2020,South Africa,1575,107,692471,17780,11182,804,21705,1382
10/12/2020,South Africa,888,83,693359,17863,11144,847,21690,1277
10/13/2020,South Africa,1178,165,694537,18028,11295,925,21965,1361
10/14/2020,South Africa,1877,123,696414,18151,11259,903,22075,1417
10/15/2020,South Africa,1770,158,698184,18309,11293,901,22100,1443
10/16/2020,South Africa,2019,61,700203,18370,11851,823,22370,1461
10/17/2020,South Africa,1928,38,702131,18408,11235,735,22415,1470
10/18/2020,South Africa,1662,63,703793,18471,11322,691,22504,1495
10/19/2020,South Africa,1461,21,705254,18492,11895,629,23039,1476
10/20/2020,South Africa,1050,164,706304,18656,11767,628,23062,1553
10/21/2020,South Africa,2055,85,708359,18741,11945,590,23204,1493
10/22/2020,South Africa,2156,102,710515,18843,12331,534,23624,1435
10/23/2020,South Africa,1897,48,712412,18891,12209,521,24060,1344
10/24/2020,South Africa,1834,53,714246,18944,12115,536,23350,1271
10/25/2020,South Africa,1622,24,715868,18968,12075,497,23397,1188
10/26/2020,South Africa,891,40,716759,19008,11505,516,23400,1145
10/27/2020,South Africa,1092,45,717851,19053,11547,397,23314,1025
10/28/2020,South Africa,1863,58,719714,19111,11355,370,23300,960
10/29/2020,South Africa,2056,53,721770,19164,11255,321,23586,855
10/30/2020,South Africa,1912,66,723682,19230,11270,339,23479,860
10/31/2020,South Africa,1770,46,725452,19276,11206,332,23321,868
11/1/2020,South Africa,1371,135,726823,19411,10955,443,23030,940
11/2/2020,South Africa,772,54,727595,19465,10836,457,22341,973
11/3/2020,South Africa,1241,74,728836,19539,10985,486,22532,883
11/4/2020,South Africa,1712,46,730548,19585,10834,474,22189,844
11/5/2020,South Africa,1866,92,732414,19677,10644,513,21899,834
11/6/2020,South Africa,1761,72,734175,19749,10493,519,21763,858
11/7/2020,South Africa,1731,40,735906,19789,10454,513,21660,845
11/8/2020,South Africa,1372,20,737278,19809,10455,398,21410,841
11/9/2020,South Africa,1247,36,738525,19845,10930,380,21766,837
11/10/2020,South Africa,1729,106,740254,19951,11418,412,22403,898
11/11/2020,South Africa,2140,60,742394,20011,11846,426,22680,900
11/12/2020,South Africa,2338,65,744732,20076,12318,399,22962,912
11/13/2020,South Africa,2213,77,746945,20153,12770,404,23263,923
11/14/2020,South Africa,2237,53,749182,20206,13276,417,23730,930
11/15/2020,South Africa,1842,35,751024,20241,13746,432,24201,830
11/16/2020,South Africa,1245,73,752269,20314,13744,469,24674,849
11/17/2020,South Africa,1987,118,754256,20432,14002,481,25420,893
11/18/2020,South Africa,2888,124,757144,20556,14750,545,26596,971
11/19/2020,South Africa,2514,115,759658,20671,14926,595,27244,994
11/20/2020,South Africa,3105,88,762763,20759,15818,606,28588,1010
11/21/2020,South Africa,2646,86,765409,20845,16227,639,29503,1056
11/22/2020,South Africa,2270,58,767679,20903,16655,662,30401,1094
11/23/2020,South Africa,2080,65,769759,20968,17490,654,31234,1123
11/24/2020,South Africa,2493,115,772252,21083,17996,651,31998,1132
11/25/2020,South Africa,3250,118,775502,21201,18358,645,33108,1190
11/26/2020,South Africa,3069,88,778571,21289,18913,618,33839,1213
11/27/2020,South Africa,3370,89,781941,21378,19178,619,34996,1225
11/28/2020,South Africa,3198,61,785139,21439,19730,594,35957,1233
11/29/2020,South Africa,2563,38,787702,21477,20023,574,36678,1236
11/30/2020,South Africa,2302,58,790004,21535,20245,567,37735,1221
12/1/2020,South Africa,2295,109,792299,21644,20047,561,38043,1212
12/2/2020,South Africa,4173,65,796472,21709,20970,508,39328,1153
12/3/2020,South Africa,4400,94,800872,21803,22301,514,41214,1132
12/4/2020,South Africa,4932,160,805804,21963,23863,585,43041,1204
12/5/2020,South Africa,4645,104,810449,22067,25310,628,45040,1222
12/6/2020,South Africa,4116,139,814565,22206,26863,729,46886,1303
12/7/2020,South Africa,3313,43,817878,22249,27874,714,48119,1281
12/8/2020,South Africa,4011,183,821889,22432,29590,788,49637,1349
12/9/2020,South Africa,6709,142,828598,22574,32126,865,53096,1373
12/10/2020,South Africa,8166,173,836764,22747,35892,944,58193,1458
12/11/2020,South Africa,8319,205,845083,22952,39279,989,63142,1574
12/12/2020,South Africa,7882,154,852965,23106,42516,1039,67826,1667
12/13/2020,South Africa,7999,170,860964,23276,46399,1070,73262,1799
12/14/2020,South Africa,5163,175,866127,23451,48249,1202,76123,1916
12/15/2020,South Africa,7552,210,873679,23661,51790,1229,81380,2017
12/16/2020,South Africa,10008,166,883687,23827,55089,1253,87215,2118
12/17/2020,South Africa,9126,184,892813,24011,56049,1264,91941,2208
12/18/2020,South Africa,8725,274,901538,24285,56455,1333,95734,2322
12/19/2020,South Africa,10939,254,912477,24539,59512,1433,102028,2472
12/20/2020,South Africa,9445,152,921922,24691,60958,1415,107357,2485
12/21/2020,South Africa,8789,216,930711,24907,64584,1456,112833,2658
12/22/2020,South Africa,9501,339,940212,25246,66533,1585,118323,2814
12/23/2020,South Africa,14046,411,954258,25657,70571,1830,125660,3083
12/24/2020,South Africa,14305,326,968563,25983,75750,1972,131799,3236
12/25/2020,South Africa,14796,293,983359,26276,81821,1991,138276,3324
12/26/2020,South Africa,11552,245,994911,26521,82434,1982,141946,3415
12/27/2020,South Africa,9502,214,1004413,26735,82491,2044,143449,3459
12/28/2020,South Africa,7458,336,1011871,27071,81160,2164,145744,3620
12/29/2020,South Africa,9580,497,1021451,27568,81239,2322,147772,3907
12/30/2020,South Africa,17710,465,1039161,28033,84903,2376,155474,4206
12/31/2020,South Africa,18000,436,1057161,28469,88598,2486,164348,4458
7/1/2020,South Korea,54,0,12904,282,341,0,647,2
7/2/2020,South Korea,63,0,12967,282,365,0,661,2
7/3/2020,South Korea,63,1,13030,283,377,1,657,3
7/4/2020,South Korea,61,0,13091,283,376,1,670,3
7/5/2020,South Korea,46,1,13137,284,380,2,699,4
7/6/2020,South Korea,44,1,13181,285,381,3,697,4
7/7/2020,South Korea,63,0,13244,285,394,3,709,4
7/8/2020,South Korea,49,2,13293,287,389,5,730,5
7/9/2020,South Korea,45,1,13338,288,371,6,736,6
7/10/2020,South Korea,35,0,13373,288,343,5,720,6
7/11/2020,South Korea,44,1,13417,289,326,6,702,7
7/12/2020,South Korea,62,0,13479,289,342,5,722,7
7/13/2020,South Korea,33,0,13512,289,331,4,712,7
7/14/2020,South Korea,39,0,13551,289,307,4,701,7
7/15/2020,South Korea,61,2,13612,291,319,4,708,9
7/16/2020,South Korea,60,2,13672,293,334,5,705,11
7/17/2020,South Korea,39,1,13711,294,338,6,681,11
7/18/2020,South Korea,34,1,13745,295,328,6,654,12
7/19/2020,South Korea,26,1,13771,296,292,7,634,12
7/20/2020,South Korea,45,0,13816,296,304,7,635,11
7/21/2020,South Korea,63,1,13879,297,328,8,635,12
7/22/2020,South Korea,59,0,13938,297,326,6,645,10
7/23/2020,South Korea,41,1,13979,298,307,5,641,10
7/24/2020,South Korea,113,0,14092,298,381,4,719,10
7/25/2020,South Korea,58,0,14150,298,405,3,733,9
7/26/2020,South Korea,25,1,14175,299,404,3,696,10
7/27/2020,South Korea,28,1,14203,300,387,4,691,11
7/28/2020,South Korea,48,0,14251,300,372,3,700,11
7/29/2020,South Korea,18,0,14269,300,331,3,657,9
7/30/2020,South Korea,36,1,14305,301,326,3,633,8
7/31/2020,South Korea,31,0,14336,301,244,3,625,7
8/1/2020,South Korea,30,0,14366,301,216,3,621,6
8/2/2020,South Korea,23,0,14389,301,214,2,618,5
8/3/2020,South Korea,34,0,14423,301,220,1,607,5
8/4/2020,South Korea,33,1,14456,302,205,2,577,5
8/5/2020,South Korea,43,0,14499,302,230,2,561,5
8/6/2020,South Korea,20,1,14519,303,214,2,540,5
8/7/2020,South Korea,43,1,14562,304,226,3,470,6
8/8/2020,South Korea,36,1,14598,305,232,4,448,7
8/9/2020,South Korea,28,0,14626,305,237,4,451,6
8/10/2020,South Korea,34,0,14660,305,237,4,457,5
8/11/2020,South Korea,54,0,14714,305,258,3,463,5
8/12/2020,South Korea,56,0,14770,305,271,3,501,5
8/13/2020,South Korea,103,0,14873,305,354,2,568,4
8/14/2020,South Korea,166,0,15039,305,477,1,703,4
8/15/2020,South Korea,279,0,15318,305,720,0,952,4
8/16/2020,South Korea,197,0,15515,305,889,0,1126,4
8/17/2020,South Korea,246,1,15761,306,1101,1,1338,5
8/18/2020,South Korea,297,0,16058,306,1344,1,1602,4
8/19/2020,South Korea,288,1,16346,307,1576,2,1847,5
8/20/2020,South Korea,324,2,16670,309,1797,4,2151,6
8/21/2020,South Korea,332,0,17002,309,1963,4,2440,5
8/22/2020,South Korea,397,0,17399,309,2081,4,2801,4
8/23/2020,South Korea,266,0,17665,309,2150,4,3039,4
8/24/2020,South Korea,280,1,17945,310,2184,4,3285,5
8/25/2020,South Korea,320,2,18265,312,2207,6,3551,7
8/26/2020,South Korea,441,1,18706,313,2360,6,3936,8
8/27/2020,South Korea,371,3,19077,316,2407,7,4204,11
8/28/2020,South Korea,323,5,19400,321,2398,12,4361,16
8/29/2020,South Korea,299,2,19699,323,2300,14,4381,18
8/30/2020,South Korea,248,1,19947,324,2282,15,4432,19
8/31/2020,South Korea,235,0,20182,324,2237,14,4421,18
9/1/2020,South Korea,267,2,20449,326,2184,14,4391,20
9/2/2020,South Korea,195,3,20644,329,1938,16,4298,22
9/3/2020,South Korea,198,2,20842,331,1765,15,4172,22
9/4/2020,South Korea,168,2,21010,333,1610,12,4008,24
9/5/2020,South Korea,167,1,21177,334,1478,11,3778,25
9/6/2020,South Korea,119,2,21296,336,1349,12,3631,27
9/7/2020,South Korea,136,5,21432,341,1250,17,3487,31
9/8/2020,South Korea,156,3,21588,344,1139,18,3323,32
9/9/2020,South Korea,155,2,21743,346,1099,17,3037,33
9/10/2020,South Korea,176,4,21919,350,1077,19,2842,34
9/11/2020,South Korea,136,5,22055,355,1045,22,2655,34
9/12/2020,South Korea,121,3,22176,358,999,24,2477,35
9/13/2020,South Korea,109,5,22285,363,989,27,2338,39
9/14/2020,South Korea,106,4,22391,367,959,26,2209,43
9/15/2020,South Korea,113,0,22504,367,916,23,2055,41
9/16/2020,South Korea,153,5,22657,372,914,26,2013,43
9/17/2020,South Korea,126,5,22783,377,864,27,1941,46
9/18/2020,South Korea,110,1,22893,378,838,23,1883,45
9/19/2020,South Korea,82,5,22975,383,799,25,1798,49
9/20/2020,South Korea,70,2,23045,385,760,22,1749,49
9/21/2020,South Korea,61,3,23106,388,715,21,1674,47
9/22/2020,South Korea,110,0,23216,388,712,21,1628,44
9/23/2020,South Korea,125,5,23341,393,684,21,1598,47
9/24/2020,South Korea,114,2,23455,395,672,18,1536,45
9/25/2020,South Korea,61,4,23516,399,623,21,1461,44
9/26/2020,South Korea,95,2,23611,401,636,18,1435,43
9/27/2020,South Korea,50,5,23661,406,616,21,1376,43
9/28/2020,South Korea,38,1,23699,407,593,19,1308,40
9/29/2020,South Korea,113,6,23812,413,596,25,1308,46
9/30/2020,South Korea,77,2,23889,415,548,22,1232,43
10/1/2020,South Korea,63,1,23952,416,497,21,1169,39
10/2/2020,South Korea,75,4,24027,420,511,21,1134,42
10/3/2020,South Korea,64,1,24091,421,480,20,1116,38
10/4/2020,South Korea,73,1,24164,422,503,16,1119,37
10/5/2020,South Korea,75,0,24239,422,540,15,1133,34
10/6/2020,South Korea,114,3,24353,425,541,12,1137,37
10/7/2020,South Korea,69,2,24422,427,533,12,1081,34
10/8/2020,South Korea,54,1,24476,428,524,12,1021,33
10/9/2020,South Korea,72,2,24548,430,521,10,1032,31
10/10/2020,South Korea,58,2,24606,432,515,11,995,31
10/11/2020,South Korea,97,1,24703,433,539,11,1042,27
10/12/2020,South Korea,102,1,24805,434,566,12,1106,27
10/13/2020,South Korea,84,4,24889,438,536,13,1077,25
10/14/2020,South Korea,99,1,24988,439,566,12,1099,24
10/15/2020,South Korea,47,2,25035,441,559,13,1083,25
10/16/2020,South Korea,73,2,25108,443,560,13,1081,23
10/17/2020,South Korea,91,1,25199,444,593,12,1108,23
10/18/2020,South Korea,76,0,25275,444,572,11,1111,22
10/19/2020,South Korea,58,3,25333,447,528,13,1094,25
10/20/2020,South Korea,91,3,25424,450,535,12,1071,25
10/21/2020,South Korea,119,3,25543,453,555,14,1121,26
10/22/2020,South Korea,155,2,25698,455,663,14,1222,27
10/23/2020,South Korea,77,2,25775,457,667,14,1227,27
10/24/2020,South Korea,61,0,25836,457,637,13,1230,25
10/25/2020,South Korea,119,0,25955,457,680,13,1252,24
10/26/2020,South Korea,88,3,26043,460,710,13,1238,26
10/27/2020,South Korea,103,1,26146,461,722,11,1257,23
10/28/2020,South Korea,125,1,26271,462,728,9,1283,23
10/29/2020,South Korea,114,1,26385,463,687,8,1350,22
10/30/2020,South Korea,126,1,26511,464,736,7,1403,21
10/31/2020,South Korea,124,2,26635,466,799,9,1436,22
11/1/2020,South Korea,97,2,26732,468,777,11,1457,24
11/2/2020,South Korea,75,4,26807,472,764,12,1474,25
11/3/2020,South Korea,118,2,26925,474,779,13,1501,24
11/4/2020,South Korea,125,1,27050,475,779,13,1507,22
11/5/2020,South Korea,145,1,27195,476,810,13,1497,21
11/6/2020,South Korea,89,1,27284,477,773,13,1509,20
11/7/2020,South Korea,143,1,27427,478,792,12,1591,21
11/8/2020,South Korea,126,2,27553,480,821,12,1598,23
11/9/2020,South Korea,100,5,27653,485,846,13,1610,25
11/10/2020,South Korea,146,2,27799,487,874,13,1653,26
11/11/2020,South Korea,143,0,27942,487,892,12,1671,25
11/12/2020,South Korea,191,1,28133,488,938,12,1748,25
11/13/2020,South Korea,205,4,28338,492,1054,15,1827,28
11/14/2020,South Korea,208,1,28546,493,1119,15,1911,27
11/15/2020,South Korea,223,1,28769,494,1216,14,2037,26
11/16/2020,South Korea,229,0,28998,494,1345,9,2191,22
11/17/2020,South Korea,313,2,29311,496,1512,9,2386,22
11/18/2020,South Korea,343,2,29654,498,1712,11,2604,23
11/19/2020,South Korea,363,3,30017,501,1884,13,2822,25
11/20/2020,South Korea,386,2,30403,503,2065,11,3119,26
11/21/2020,South Korea,330,2,30733,505,2187,12,3306,27
11/22/2020,South Korea,271,4,31004,509,2235,15,3451,29
11/23/2020,South Korea,349,1,31353,510,2355,16,3700,25
11/24/2020,South Korea,382,3,31735,513,2424,17,3936,26
11/25/2020,South Korea,583,2,32318,515,2664,17,4376,28
11/26/2020,South Korea,569,1,32887,516,2870,15,4754,28
11/27/2020,South Korea,488,6,33375,522,2972,19,5037,30
11/28/2020,South Korea,449,1,33824,523,3091,18,5278,30
11/29/2020,South Korea,377,3,34201,526,3197,17,5432,32
11/30/2020,South Korea,451,0,34652,526,3299,16,5654,32
12/1/2020,South Korea,511,0,35163,526,3428,13,5852,30
12/2/2020,South Korea,540,3,35703,529,3385,14,6049,31
12/3/2020,South Korea,629,7,36332,536,3445,20,6315,35
12/4/2020,South Korea,583,4,36915,540,3540,18,6512,37
12/5/2020,South Korea,631,5,37546,545,3722,22,6813,40
12/6/2020,South Korea,615,4,38161,549,3960,23,7157,40
12/7/2020,South Korea,594,3,38755,552,4103,26,7402,42
12/8/2020,South Korea,677,4,39432,556,4269,30,7697,43
12/9/2020,South Korea,666,8,40098,564,4395,35,7780,49
12/10/2020,South Korea,688,8,40786,572,4454,36,7899,56
12/11/2020,South Korea,950,6,41736,578,4821,38,8361,56
12/12/2020,South Korea,1030,2,42766,580,5220,35,8942,57
12/13/2020,South Korea,718,7,43484,587,5323,38,9283,61
12/14/2020,South Korea,880,13,44364,600,5609,48,9712,74
12/15/2020,South Korea,1078,12,45442,612,6010,56,10279,86
12/16/2020,South Korea,1011,22,46453,634,6355,70,10750,105
12/17/2020,South Korea,1062,11,47515,645,6729,73,11183,109
12/18/2020,South Korea,1055,14,48570,659,6834,81,11655,119
12/19/2020,South Korea,1095,15,49665,674,6899,94,12119,129
12/20/2020,South Korea,926,24,50591,698,7107,111,12430,149
12/21/2020,South Korea,869,24,51460,722,7096,122,12705,170
12/22/2020,South Korea,1090,17,52550,739,7108,127,13118,183
12/23/2020,South Korea,983,17,53533,756,7080,122,13435,192
12/24/2020,South Korea,1237,17,54770,773,7255,128,13984,201
12/25/2020,South Korea,1132,20,55902,793,7332,134,14166,215
12/26/2020,South Korea,970,15,56872,808,7207,134,14106,228
12/27/2020,South Korea,808,11,57680,819,7089,121,14196,232
12/28/2020,South Korea,1045,40,58725,859,7265,137,14361,259
12/29/2020,South Korea,1048,20,59773,879,7223,140,14331,267
12/30/2020,South Korea,967,21,60740,900,7207,144,14287,266
12/31/2020,South Korea,1029,17,61769,917,6999,144,14254,272
7/1/2020,United States,51819,704,2693993,128312,307919,3629,530528,7715
7/2/2020,United States,56629,713,2750622,129025,324231,3805,558631,7739
7/3/2020,United States,51361,670,2801983,129695,329598,3846,578430,7780
7/4/2020,United States,45681,315,2847664,130010,333933,3658,591841,7536
7/5/2020,United States,50768,326,2898432,130336,343971,3666,617461,7545
7/6/2020,United States,43085,376,2941517,130712,345773,3657,628394,7514
7/7/2020,United States,60654,1162,3002171,131874,359997,4266,651973,7928
7/8/2020,United States,60119,825,3062290,132699,368297,4387,676216,8016
7/9/2020,United States,62496,1020,3124786,133719,374164,4694,698395,8499
7/10/2020,United States,68055,817,3192841,134536,390858,4841,720456,8687
7/11/2020,United States,60033,728,3252874,135264,405210,5254,739143,8912
7/12/2020,United States,58438,472,3311312,135736,412880,5400,756851,9066
7/13/2020,United States,58896,445,3370208,136181,428691,5469,774464,9126
7/14/2020,United States,68036,928,3438244,137109,436073,5235,796070,9501
7/15/2020,United States,68120,975,3506364,138084,444074,5385,812371,9772
7/16/2020,United States,75820,956,3582184,139040,457398,5321,831562,10015
7/17/2020,United States,72261,924,3654445,139964,461604,5428,852462,10269
7/18/2020,United States,62535,857,3716980,140821,464106,5557,869316,10811
7/19/2020,United States,60476,483,3777456,141304,466144,5568,879024,10968
7/20/2020,United States,62090,563,3839546,141867,469338,5686,898029,11155
7/21/2020,United States,64520,1091,3904066,142958,465822,5849,901895,11084
7/22/2020,United States,70564,1224,3974630,144182,468266,6098,912340,11483
7/23/2020,United States,68440,1070,4043070,145252,460886,6212,918284,11533
7/24/2020,United States,73323,1107,4116393,146359,461948,6395,923552,11823
7/25/2020,United States,64915,930,4181308,147289,464328,6468,928434,12025
7/26/2020,United States,54775,531,4236083,147820,458627,6516,924771,12084
7/27/2020,United States,56851,1126,4292934,148946,453388,7079,922726,12765
7/28/2020,United States,66457,1330,4359391,150276,455325,7318,921147,13167
7/29/2020,United States,71853,1414,4431244,151690,456614,7508,924880,13606
7/30/2020,United States,67457,1231,4498701,152921,455631,7669,916517,13881
7/31/2020,United States,68719,1237,4567420,154158,451027,7799,912975,14194
8/1/2020,United States,56184,1093,4623604,155251,442296,7962,906624,14430
8/2/2020,United States,45545,437,4669149,155688,433066,7868,891693,14384
8/3/2020,United States,45529,581,4714678,156269,421744,7323,875132,14402
8/4/2020,United States,58801,1282,4773479,157551,414088,7275,869413,14593
8/5/2020,United States,54457,1438,4827936,158989,396692,7299,853306,14807
8/6/2020,United States,59357,1244,4887293,160233,388592,7312,844223,14981
8/7/2020,United States,59297,1237,4946590,161470,379170,7312,830197,15111
8/8/2020,United States,54119,1078,5000709,162548,377105,7297,819401,15259
8/9/2020,United States,45754,524,5046463,163072,377314,7384,810380,15252
8/10/2020,United States,47624,635,5094087,163707,379409,7438,801153,14761
8/11/2020,United States,48001,1020,5142088,164727,368609,7176,782697,14451
8/12/2020,United States,56049,1499,5198137,166226,370201,7237,766893,14536
8/13/2020,United States,51314,1067,5249451,167293,362158,7060,750750,14372
8/14/2020,United States,65340,1337,5314791,168630,368201,7160,747371,14472
8/15/2020,United States,46921,1000,5361712,169630,361003,7082,738108,14379
8/16/2020,United States,39192,617,5400904,170247,354441,7175,731755,14559
8/17/2020,United States,36676,493,5437580,170740,343493,7033,722902,14471
8/18/2020,United States,45034,1226,5482614,171966,340526,7239,709135,14415
8/19/2020,United States,47359,1339,5529973,173305,331836,7079,702037,14316
8/20/2020,United States,44040,1103,5574013,174408,324562,7115,686720,14175
8/21/2020,United States,48829,1091,5622842,175499,308051,6869,676252,14029
8/22/2020,United States,43045,909,5665887,176408,304175,6778,665178,13860
8/23/2020,United States,34232,545,5700119,176953,299215,6706,653656,13881
8/24/2020,United States,36522,473,5736641,177426,299061,6686,642554,13719
8/25/2020,United States,40360,1236,5777001,178662,294387,6696,634913,13935
8/26/2020,United States,45166,1166,5822167,179828,292194,6523,624030,13602
8/27/2020,United States,45380,1116,5867547,180944,293534,6536,618096,13651
8/28/2020,United States,46848,977,5914395,181921,291553,6422,599604,13291
8/29/2020,United States,42731,902,5957126,182823,291239,6415,595414,13193
8/30/2020,United States,34381,454,5991507,183277,291388,6324,590603,13030
8/31/2020,United States,35388,542,6026895,183819,290254,6393,589315,13079
9/1/2020,United States,41864,1028,6068759,184847,291758,6185,586145,12881
9/2/2020,United States,41014,1079,6109773,185926,287606,6098,579800,12621
9/3/2020,United States,44210,1037,6153983,186963,286436,6019,579970,12555
9/4/2020,United States,50393,958,6204376,187921,289981,6000,581534,12422
9/5/2020,United States,43088,762,6247464,188683,290338,5860,581577,12275
9/6/2020,United States,31169,470,6278633,189153,287126,5876,578514,12200
9/7/2020,United States,23567,296,6302200,189449,275305,5630,565559,12023
9/8/2020,United States,27393,452,6329593,189901,260834,5054,552592,11239
9/9/2020,United States,34057,1160,6363650,191061,253877,5135,541483,11233
9/10/2020,United States,36073,916,6399723,191977,245740,5014,532176,11033
9/11/2020,United States,47778,1174,6447501,193151,243125,5230,533106,11230
9/12/2020,United States,41062,702,6488563,193853,241099,5170,531437,11030
9/13/2020,United States,34351,435,6522914,194288,244281,5135,531407,11011
9/14/2020,United States,34428,431,6557342,194719,255142,5270,530447,10900
9/15/2020,United States,39507,1200,6596849,195919,267256,6018,528090,11072
9/16/2020,United States,39018,956,6635867,196875,272217,5814,526094,10949
9/17/2020,United States,45137,861,6681004,197736,281281,5759,527021,10773
9/18/2020,United States,49284,896,6730288,198632,282787,5481,525912,10711
9/19/2020,United States,42159,732,6772447,199364,283884,5511,524983,10681
9/20/2020,United States,38415,265,6810862,199629,287948,5341,532229,10476
9/21/2020,United States,51972,427,6862834,200056,305492,5337,560634,10607
9/22/2020,United States,39862,1032,6902696,201088,305847,5169,573103,11187
9/23/2020,United States,39062,1056,6941758,202144,305891,5269,578108,11083
9/24/2020,United States,47111,898,6988869,203042,307865,5306,589146,11065
9/25/2020,United States,48282,944,7037151,203986,306863,5354,589650,10835
9/26/2020,United States,44652,768,7081803,204754,309356,5390,593240,10901
9/27/2020,United States,37508,315,7119311,205069,308449,5440,596397,10781
9/28/2020,United States,33235,358,7152546,205427,289712,5371,595204,10708
9/29/2020,United States,43448,834,7195994,206261,293298,5173,599145,10342
9/30/2020,United States,39434,958,7235428,207219,293670,5075,599561,10344
10/1/2020,United States,45653,873,7281081,208092,292212,5050,600077,10356
10/2/2020,United States,54962,860,7336043,208952,298892,4966,605755,10320
10/3/2020,United States,48535,684,7384578,209636,302775,4882,612131,10272
10/4/2020,United States,35715,381,7420293,210017,300982,4948,609431,10388
10/5/2020,United States,39449,480,7459742,210497,307196,5070,596908,10441
10/6/2020,United States,45256,686,7504998,211183,309004,4922,602302,10095
10/7/2020,United States,51062,927,7556060,212110,320632,4891,614302,9966
10/8/2020,United States,58593,989,7614653,213099,333572,5007,625784,10057
10/9/2020,United States,56381,968,7671034,214067,334991,5115,633883,10081
10/10/2020,United States,54918,658,7725952,214725,341374,5089,644149,9971
10/11/2020,United States,45941,471,7771893,215196,351600,5179,652582,10127
10/12/2020,United States,41842,394,7813735,215590,353993,5093,661189,10163
10/13/2020,United States,52248,796,7865983,216386,360985,5203,669989,10125
10/14/2020,United States,59765,990,7925748,217376,369688,5266,690320,10157
10/15/2020,United States,64888,849,7990636,218225,375983,5126,709555,10133
10/16/2020,United States,69146,937,8059782,219162,388748,5095,723739,10210
10/17/2020,United States,56736,762,8116518,219924,390566,5199,731940,10288
10/18/2020,United States,49340,493,8165858,220417,393965,5221,745565,10400
10/19/2020,United States,67752,479,8233610,220896,419875,5306,773868,10399
10/20/2020,United States,61971,924,8295581,221820,429598,5434,790583,10637
10/21/2020,United States,63283,1122,8358864,222942,433116,5566,802804,10832
10/22/2020,United States,76300,914,8435164,223856,444528,5631,820511,10757
10/23/2020,United States,81949,967,8517113,224823,457331,5661,846079,10756
10/24/2020,United States,82729,951,8599842,225774,483324,5850,873890,11049
10/25/2020,United States,62140,462,8661982,226236,496124,5819,890089,11040
10/26/2020,United States,67403,533,8729385,226769,495775,5873,915650,11179
10/27/2020,United States,76843,973,8806228,227742,510647,5922,940245,11356
10/28/2020,United States,79404,1035,8885632,228777,526768,5835,959884,11401
10/29/2020,United States,91052,1004,8976684,229781,541520,5925,986048,11556
10/30/2020,United States,99240,1061,9075924,230842,558811,6019,1016142,11680
10/31/2020,United States,89695,910,9165619,231752,565777,5978,1049101,11828
11/1/2020,United States,104848,496,9270467,232248,608485,6012,1104609,11831
11/2/2020,United States,85308,573,9355775,232821,626390,6052,1122165,11925
11/3/2020,United States,127116,1578,9482891,234399,676663,6657,1187310,12579
11/4/2020,United States,104608,1115,9587499,235514,701867,6737,1228635,12572
11/5/2020,United States,129354,1156,9716853,236670,740169,6889,1281689,12814
11/6/2020,United States,128005,1239,9844858,237909,768934,7067,1327745,13086
11/7/2020,United States,127450,1081,9972308,238990,806689,7238,1372466,13216
11/8/2020,United States,115072,572,10087380,239562,816913,7314,1425398,13326
11/9/2020,United States,120573,779,10207953,240341,852178,7520,1478568,13572
11/10/2020,United States,140496,1418,10348449,241759,865558,7360,1542221,14017
11/11/2020,United States,146626,1436,10495075,243195,907576,7681,1609443,14418
11/12/2020,United States,164839,1204,10659914,244399,943061,7729,1683230,14618
11/13/2020,United States,180389,1200,10840303,245599,995445,7690,1764379,14757
11/14/2020,United States,167761,1347,11008064,246946,1035756,7956,1842445,15194
11/15/2020,United States,136224,777,11144288,247723,1056908,8161,1873821,15475
11/16/2020,United States,162945,829,11307233,248552,1099280,8211,1951458,15731
11/17/2020,United States,163922,1721,11471155,250273,1122706,8514,1988264,15874
11/18/2020,United States,173177,1919,11644332,252192,1149257,8997,2056833,16678
11/19/2020,United States,191548,2053,11835880,254245,1175966,9846,2119027,17575
11/20/2020,United States,198297,1957,12034177,256202,1193874,10603,2189319,18293
11/21/2020,United States,179274,1619,12213451,257821,1205387,10875,2241143,18831
11/22/2020,United States,146784,1033,12360235,258854,1215947,11131,2272855,19292
11/23/2020,United States,174449,1101,12534684,259955,1227451,11403,2326731,19614
11/24/2020,United States,175514,2129,12710198,262084,1239043,11811,2361749,20325
11/25/2020,United States,183287,2263,12893485,264347,1249153,12155,2398410,21152
11/26/2020,United States,112322,1385,13005807,265732,1169927,11487,2345893,21333
11/27/2020,United States,208188,1549,13213995,267281,1179818,11079,2373692,21682
11/28/2020,United States,155533,1361,13369528,268642,1156077,10821,2361464,21696
11/29/2020,United States,140234,1036,13509762,269678,1149527,10824,2365474,21955
11/30/2020,United States,160570,1347,13670332,271025,1135648,11070,2363099,22473
12/1/2020,United States,188219,2547,13858551,273572,1148353,11488,2387396,23299
12/2/2020,United States,202557,2816,14061108,276388,1167623,12041,2416776,24196
12/3/2020,United States,223613,2956,14284721,279344,1278914,13612,2448841,25099
12/4/2020,United States,232785,2699,14517506,282043,1303511,14762,2483329,25841
12/5/2020,United States,215542,2355,14733048,284398,1363520,15756,2519597,26577
12/6/2020,United States,181012,1346,14914060,285744,1404298,16066,2553825,26890
12/7/2020,United States,194858,1606,15108918,287350,1438586,16325,2574234,27395
12/8/2020,United States,224492,2621,15333410,289971,1474859,16399,2623212,27887
12/9/2020,United States,222539,3183,15555949,293154,1494841,16766,2662464,28807
12/10/2020,United States,231515,2996,15787464,296150,1502743,16806,2781657,30418
12/11/2020,United States,239977,3418,16027441,299568,1509935,17525,2813446,32287
12/12/2020,United States,217585,2463,16245026,302031,1511978,17633,2875498,33389
12/13/2020,United States,187703,1628,16432729,303659,1518669,17915,2922967,33981
12/14/2020,United States,194821,1652,16627550,305311,1518632,17961,2957218,34286
12/15/2020,United States,209006,3119,16836556,308430,1503146,18459,2978005,34858
12/16/2020,United States,246700,3665,17083256,312095,1527307,18941,3022148,35707
12/17/2020,United States,239725,3502,17322981,315597,1535517,19447,3038260,36253
12/18/2020,United States,251969,2968,17574950,318565,1547509,18997,3057444,36522
12/19/2020,United States,191906,2656,17766856,321221,1521830,19190,3033808,36823
12/20/2020,United States,187819,1715,17954675,322936,1521946,19277,3040615,37192
12/21/2020,United States,199049,1921,18153724,324857,1526174,19546,3044806,37507
12/22/2020,United States,198011,3399,18351735,328256,1515179,19826,3018325,38285
12/23/2020,United States,229618,3421,18581353,331677,1498097,19582,3025404,38523
12/24/2020,United States,194204,2909,18775557,334586,1452576,18989,2988093,38436
12/25/2020,United States,97646,1428,18873203,336014,1298253,17449,2845762,36446
12/26/2020,United States,226288,1886,19099491,337900,1332635,16679,2854465,35869
12/27/2020,United States,155635,1429,19255126,339329,1300451,16393,2822397,35670
12/28/2020,United States,174634,2004,19429760,341333,1276036,16476,2802210,36022
12/29/2020,United States,200252,3633,19630012,344966,1278277,16710,2793456,36536
12/30/2020,United States,233684,3733,19863696,348699,1282343,17022,2780440,36604
12/31/2020,United States,235667,3481,20099363,352180,1323806,17594,2776382,36583
7/1/2020,Vietnam,0,,355,,3,0,20,0
7/2/2020,Vietnam,0,,355,,3,0,13,0
7/3/2020,Vietnam,0,,355,,2,0,6,0
7/4/2020,Vietnam,0,,355,,0,0,6,0
7/5/2020,Vietnam,0,,355,,0,0,6,0
7/6/2020,Vietnam,14,,369,,14,0,20,0
7/7/2020,Vietnam,0,,369,,14,0,20,0
7/8/2020,Vietnam,0,,369,,14,0,17,0
7/9/2020,Vietnam,0,,369,,14,0,17,0
7/10/2020,Vietnam,1,,370,,15,0,17,0
7/11/2020,Vietnam,0,,370,,15,0,15,0
7/12/2020,Vietnam,2,,372,,17,0,17,0
7/13/2020,Vietnam,1,,373,,4,0,18,0
7/14/2020,Vietnam,0,,373,,4,0,18,0
7/15/2020,Vietnam,8,,381,,12,0,26,0
7/16/2020,Vietnam,0,,381,,12,0,26,0
7/17/2020,Vietnam,1,,382,,12,0,27,0
7/18/2020,Vietnam,0,,382,,12,0,27,0
7/19/2020,Vietnam,1,,383,,11,0,28,0
7/20/2020,Vietnam,1,,384,,11,0,15,0
7/21/2020,Vietnam,17,,401,,28,0,32,0
7/22/2020,Vietnam,7,,408,,27,0,39,0
7/23/2020,Vietnam,4,,412,,31,0,43,0
7/24/2020,Vietnam,3,,415,,33,0,45,0
7/25/2020,Vietnam,2,,417,,35,0,47,0
7/26/2020,Vietnam,3,,420,,37,0,48,0
7/27/2020,Vietnam,11,,431,,47,0,58,0
7/28/2020,Vietnam,15,,446,,45,0,73,0
7/29/2020,Vietnam,13,,459,,51,0,78,0
7/30/2020,Vietnam,50,,509,,97,0,128,0
7/31/2020,Vietnam,49,3,558,3,143,3,176,3
8/1/2020,Vietnam,32,0,590,3,173,3,208,3
8/2/2020,Vietnam,31,3,621,6,201,6,238,6
8/3/2020,Vietnam,31,1,652,7,221,7,268,7
8/4/2020,Vietnam,20,1,672,8,226,8,271,8
8/5/2020,Vietnam,45,1,717,9,258,9,309,9
8/6/2020,Vietnam,33,1,750,10,241,10,338,10
8/7/2020,Vietnam,39,0,789,10,231,7,374,10
8/8/2020,Vietnam,23,0,812,10,222,7,395,10
8/9/2020,Vietnam,29,3,841,13,220,7,421,13
8/10/2020,Vietnam,6,2,847,15,195,8,416,15
8/11/2020,Vietnam,19,1,866,16,194,8,420,16
8/12/2020,Vietnam,17,2,883,18,166,9,424,18
8/13/2020,Vietnam,28,3,911,21,161,11,402,21
8/14/2020,Vietnam,19,1,930,22,141,12,372,19
8/15/2020,Vietnam,21,2,951,24,139,14,361,21
8/16/2020,Vietnam,13,0,964,24,123,11,343,18
8/17/2020,Vietnam,19,1,983,25,136,10,331,18
8/18/2020,Vietnam,6,1,989,26,123,10,317,18
8/19/2020,Vietnam,5,-1,994,25,111,7,277,16
8/20/2020,Vietnam,13,0,1007,25,96,4,257,15
8/21/2020,Vietnam,2,0,1009,25,79,3,220,15
8/22/2020,Vietnam,5,1,1014,26,63,2,202,16
8/23/2020,Vietnam,2,1,1016,27,52,3,175,14
8/24/2020,Vietnam,6,0,1022,27,39,2,175,12
8/25/2020,Vietnam,7,0,1029,27,40,1,163,11
8/26/2020,Vietnam,5,3,1034,30,40,5,151,12
8/27/2020,Vietnam,2,0,1036,30,29,5,125,9
8/28/2020,Vietnam,2,0,1038,30,29,5,108,8
8/29/2020,Vietnam,2,2,1040,32,26,6,89,8
8/30/2020,Vietnam,0,0,1040,32,24,5,76,8
8/31/2020,Vietnam,4,2,1044,34,22,7,61,9
9/1/2020,Vietnam,0,0,1044,34,15,7,55,8
9/2/2020,Vietnam,2,0,1046,34,12,4,52,9
9/3/2020,Vietnam,0,1,1046,35,10,5,39,10
9/4/2020,Vietnam,3,0,1049,35,11,5,40,10
9/5/2020,Vietnam,0,0,1049,35,9,3,35,9
9/6/2020,Vietnam,0,0,1049,35,9,3,33,8
9/7/2020,Vietnam,0,0,1049,35,5,1,27,8
9/8/2020,Vietnam,5,0,1054,35,10,1,25,8
9/9/2020,Vietnam,5,0,1059,35,13,1,25,5
9/10/2020,Vietnam,0,0,1059,35,13,0,23,5
9/11/2020,Vietnam,1,0,1060,35,11,0,22,5
9/12/2020,Vietnam,0,0,1060,35,11,0,20,3
9/13/2020,Vietnam,3,0,1063,35,14,0,23,3
9/14/2020,Vietnam,0,0,1063,35,14,0,19,1
9/15/2020,Vietnam,0,0,1063,35,9,0,19,1
9/16/2020,Vietnam,0,0,1063,35,4,0,17,1
9/17/2020,Vietnam,3,0,1066,35,7,0,20,0
9/18/2020,Vietnam,2,0,1068,35,8,0,19,0
9/19/2020,Vietnam,0,0,1068,35,8,0,19,0
9/20/2020,Vietnam,0,0,1068,35,5,0,19,0
9/21/2020,Vietnam,0,0,1068,35,5,0,19,0
9/22/2020,Vietnam,0,0,1068,35,5,0,14,0
9/23/2020,Vietnam,1,0,1069,35,6,0,10,0
9/24/2020,Vietnam,0,0,1069,35,3,0,10,0
9/25/2020,Vietnam,0,0,1069,35,1,0,9,0
9/26/2020,Vietnam,0,0,1069,35,1,0,9,0
9/27/2020,Vietnam,5,0,1074,35,6,0,11,0
9/28/2020,Vietnam,3,0,1077,35,9,0,14,0
9/29/2020,Vietnam,17,0,1094,35,26,0,31,0
9/30/2020,Vietnam,0,0,1094,35,25,0,31,0
10/1/2020,Vietnam,1,0,1095,35,26,0,29,0
10/2/2020,Vietnam,1,0,1096,35,27,0,28,0
10/3/2020,Vietnam,0,0,1096,35,27,0,28,0
10/4/2020,Vietnam,0,0,1096,35,22,0,28,0
10/5/2020,Vietnam,1,0,1097,35,20,0,29,0
10/6/2020,Vietnam,1,0,1098,35,4,0,30,0
10/7/2020,Vietnam,1,0,1099,35,5,0,30,0
10/8/2020,Vietnam,1,0,1100,35,5,0,31,0
10/9/2020,Vietnam,5,0,1105,35,9,0,36,0
10/10/2020,Vietnam,2,0,1107,35,11,0,38,0
10/11/2020,Vietnam,2,0,1109,35,13,0,35,0
10/12/2020,Vietnam,1,0,1110,35,13,0,33,0
10/13/2020,Vietnam,3,0,1113,35,15,0,19,0
10/14/2020,Vietnam,9,0,1122,35,23,0,28,0
10/15/2020,Vietnam,2,0,1124,35,24,0,29,0
10/16/2020,Vietnam,0,0,1124,35,19,0,28,0
10/17/2020,Vietnam,2,0,1126,35,19,0,30,0
10/18/2020,Vietnam,8,0,1134,35,25,0,38,0
10/19/2020,Vietnam,6,0,1140,35,30,0,43,0
10/20/2020,Vietnam,1,0,1141,35,28,0,43,0
10/21/2020,Vietnam,3,0,1144,35,22,0,45,0
10/22/2020,Vietnam,4,0,1148,35,24,0,48,0
10/23/2020,Vietnam,0,0,1148,35,24,0,43,0
10/24/2020,Vietnam,12,0,1160,35,34,0,53,0
10/25/2020,Vietnam,8,0,1168,35,34,0,59,0
10/26/2020,Vietnam,1,0,1169,35,29,0,59,0
10/27/2020,Vietnam,3,0,1172,35,31,0,59,0
10/28/2020,Vietnam,1,0,1173,35,29,0,51,0
10/29/2020,Vietnam,4,0,1177,35,29,0,53,0
10/30/2020,Vietnam,0,0,1177,35,29,0,53,0
10/31/2020,Vietnam,3,0,1180,35,20,0,54,0
11/1/2020,Vietnam,0,0,1180,35,12,0,46,0
11/2/2020,Vietnam,12,0,1192,35,23,0,52,0
11/3/2020,Vietnam,10,0,1202,35,30,0,61,0
11/4/2020,Vietnam,1,0,1203,35,30,0,59,0
11/5/2020,Vietnam,4,0,1207,35,30,0,59,0
11/6/2020,Vietnam,5,0,1212,35,35,0,64,0
11/7/2020,Vietnam,1,0,1213,35,33,0,53,0
11/8/2020,Vietnam,0,0,1213,35,33,0,45,0
11/9/2020,Vietnam,2,0,1215,35,23,0,46,0
11/10/2020,Vietnam,11,0,1226,35,24,0,54,0
11/11/2020,Vietnam,26,0,1252,35,49,0,79,0
11/12/2020,Vietnam,1,0,1253,35,46,0,76,0
11/13/2020,Vietnam,3,0,1256,35,44,0,79,0
11/14/2020,Vietnam,9,0,1265,35,52,0,85,0
11/15/2020,Vietnam,16,0,1281,35,68,0,101,0
11/16/2020,Vietnam,2,0,1283,35,68,0,91,0
11/17/2020,Vietnam,5,0,1288,35,62,0,86,0
11/18/2020,Vietnam,12,0,1300,35,48,0,97,0
11/19/2020,Vietnam,4,0,1304,35,51,0,97,0
11/20/2020,Vietnam,1,0,1305,35,49,0,93,0
11/21/2020,Vietnam,1,0,1306,35,41,0,93,0
11/22/2020,Vietnam,1,0,1307,35,26,0,94,0
11/23/2020,Vietnam,5,0,1312,35,29,0,97,0
11/24/2020,Vietnam,4,0,1316,35,28,0,90,0
11/25/2020,Vietnam,5,0,1321,35,21,0,69,0
11/26/2020,Vietnam,10,0,1331,35,27,0,78,0
11/27/2020,Vietnam,8,0,1339,35,34,0,83,0
11/28/2020,Vietnam,2,0,1341,35,35,0,76,0
11/29/2020,Vietnam,2,0,1343,35,36,0,62,0
11/30/2020,Vietnam,4,0,1347,35,35,0,64,0
12/1/2020,Vietnam,4,0,1351,35,35,0,63,0
12/2/2020,Vietnam,7,0,1358,35,37,0,58,0
12/3/2020,Vietnam,3,0,1361,35,30,0,57,0
12/4/2020,Vietnam,0,0,1361,35,22,0,56,0
12/5/2020,Vietnam,4,0,1365,35,24,0,59,0
12/6/2020,Vietnam,1,0,1366,35,23,0,59,0
12/7/2020,Vietnam,1,0,1367,35,20,0,55,0
12/8/2020,Vietnam,10,0,1377,35,26,0,61,0
12/9/2020,Vietnam,4,0,1381,35,23,0,60,0
12/10/2020,Vietnam,4,0,1385,35,24,0,54,0
12/11/2020,Vietnam,6,0,1391,35,30,0,52,0
12/12/2020,Vietnam,4,0,1395,35,30,0,54,0
12/13/2020,Vietnam,2,0,1397,35,31,0,54,0
12/14/2020,Vietnam,5,0,1402,35,35,0,55,0
12/15/2020,Vietnam,3,0,1405,35,28,0,54,0
12/16/2020,Vietnam,0,0,1405,35,24,0,47,0
12/17/2020,Vietnam,2,0,1407,35,22,0,46,0
12/18/2020,Vietnam,3,0,1410,35,19,0,49,0
12/19/2020,Vietnam,1,0,1411,35,16,0,46,0
12/20/2020,Vietnam,2,0,1413,35,16,0,47,0
12/21/2020,Vietnam,1,0,1414,35,12,0,47,0
12/22/2020,Vietnam,6,0,1420,35,15,0,43,0
12/23/2020,Vietnam,1,0,1421,35,16,0,40,0
12/24/2020,Vietnam,11,0,1432,35,25,0,47,0
12/25/2020,Vietnam,7,0,1439,35,29,0,48,0
12/26/2020,Vietnam,1,0,1440,35,29,0,45,0
12/27/2020,Vietnam,1,0,1441,35,28,0,44,0
12/28/2020,Vietnam,10,0,1451,35,37,0,49,0
12/29/2020,Vietnam,3,0,1454,35,34,0,49,0
12/30/2020,Vietnam,2,0,1456,35,35,0,51,0
12/31/2020,Vietnam,9,0,1465,35,33,0,58,0
